GAIN GB ALTAZ DPFU=0.35,0.35 POLY=0.971,1.24E-03,-1.31E-05 /
TSYS GB FT=1.0 INDEX='R1','R2','R3','R4' /
275 19:36.55 0.0 0.0 89.5 111.7 
275 19:38.22 0.0 0.0 111.0 132.5 
275 19:38.72 0.0 0.0 110.9 132.6 
275 19:39.22 0.0 0.0 111.0 133.0 
275 19:39.72 0.0 0.0 111.0 132.9 
275 19:40.22 0.0 0.0 111.1 133.3 
275 19:40.72 0.0 0.0 112.0 133.7 
275 19:41.22 0.0 0.0 112.1 133.7 
275 19:41.72 0.0 0.0 111.4 132.7 
275 19:42.22 0.0 0.0 111.4 133.2 
275 19:42.72 0.0 0.0 111.4 133.4 
275 19:43.22 0.0 0.0 111.4 133.1 
275 19:43.72 0.0 0.0 111.4 133.4 
275 19:44.22 0.0 0.0 111.0 133.1 
275 19:44.72 0.0 0.0 110.9 133.2 
275 19:45.22 0.0 0.0 110.7 132.6 
275 19:45.72 0.0 0.0 110.5 132.6 
275 19:46.22 0.0 0.0 110.5 132.1 
275 19:46.72 0.0 0.0 99.2 118.7 
275 19:47.22 0.0 0.0 95.0 114.5 
275 19:47.72 0.0 0.0 95.1 114.5 
275 19:48.22 0.0 0.0 95.1 114.6 
275 19:48.72 0.0 0.0 95.1 114.4 
275 19:49.22 0.0 0.0 95.2 114.6 
275 19:49.72 0.0 0.0 95.3 114.5 
275 19:50.22 0.0 0.0 95.5 114.8 
275 19:50.72 0.0 0.0 98.3 118.3 
275 19:59.37 2446.7 0.0 147.9 184.2 
275 19:59.87 2450.4 0.0 148.2 184.3 
275 20:00.37 2451.3 0.0 148.2 184.8 
275 20:00.87 2448.1 0.0 148.1 183.8 
275 20:01.37 2463.2 0.0 149.0 185.2 
275 20:01.87 2462.1 0.0 149.0 185.7 
275 20:02.37 2461.2 0.0 149.0 186.0 
275 20:02.87 2462.2 0.0 149.0 186.2 
275 20:03.37 2459.5 0.0 148.8 185.9 
275 20:03.87 2454.4 0.0 148.6 185.5 
275 20:04.37 2461.1 0.0 149.0 186.3 
275 20:04.87 2459.9 0.0 148.8 186.2 
275 20:05.37 2458.9 0.0 148.7 185.4 
275 20:05.87 2464.3 0.0 149.0 185.9 
275 20:06.37 2468.2 0.0 149.2 186.6 
275 20:06.87 2460.2 0.0 148.8 185.6 
275 20:07.15 2449.6 0.0 148.7 184.4 
275 20:07.65 2457.7 0.0 148.6 185.9 
275 20:08.15 2454.8 0.0 148.4 185.6 
275 20:08.65 2450.9 0.0 148.2 185.1 
275 20:09.15 2440.3 0.0 147.6 184.7 
275 20:09.65 2432.8 0.0 147.1 184.1 
275 20:10.15 2435.2 0.0 147.2 184.0 
275 20:10.65 2435.3 0.0 147.2 184.2 
275 20:11.15 2434.3 0.0 147.2 185.1 
275 20:11.65 2437.9 0.0 147.4 186.1 
275 20:12.15 2444.4 0.0 147.8 186.7 
275 20:12.65 2439.0 0.0 147.5 185.9 
275 20:13.15 2438.6 0.0 147.5 185.1 
275 20:13.65 2442.9 0.0 147.7 185.5 
275 20:14.15 2434.5 0.0 147.3 184.8 
275 20:14.65 2444.7 0.0 147.8 185.1 
275 20:15.15 2441.8 0.0 147.7 184.7 
275 20:15.65 2441.5 0.0 147.7 184.9 
275 20:16.15 2401.3 0.0 144.7 182.2 
275 20:16.65 2383.1 0.0 143.3 181.7 
275 20:17.15 2370.0 0.0 142.5 181.2 
275 20:17.65 2370.4 0.0 142.6 181.4 
275 20:18.15 2364.3 0.0 142.2 180.6 
275 20:18.65 2364.7 0.0 142.2 180.6 
275 20:19.15 2363.3 0.0 142.2 181.2 
275 20:19.65 2355.5 0.0 141.7 181.2 
275 20:20.15 2363.4 0.0 142.1 181.3 
275 20:20.65 2365.4 0.0 142.2 180.3 
275 20:21.15 2367.4 0.0 142.4 181.1 
275 20:21.65 2413.7 0.0 146.7 185.3 
275 20:29.53 2375.6 0.0 142.9 180.1 
275 20:30.03 2370.4 0.0 142.6 180.0 
275 20:30.53 2363.1 0.0 142.2 179.6 
275 20:31.03 2355.5 0.0 141.7 179.3 
275 20:31.53 2354.5 0.0 141.6 178.9 
275 20:32.03 2353.0 0.0 141.5 178.9 
275 20:32.53 2348.7 0.0 141.3 178.6 
275 20:33.03 2354.5 0.0 141.7 179.5 
275 20:33.53 2357.0 0.0 141.8 179.8 
275 20:34.03 2362.5 0.0 142.1 179.9 
275 20:34.53 2360.3 0.0 142.0 180.3 
275 20:35.03 2357.7 0.0 141.9 180.6 
275 20:35.53 2362.0 0.0 142.2 180.2 
275 20:36.03 2364.9 0.0 142.3 179.4 
275 20:36.53 2370.4 0.0 142.6 180.3 
275 20:37.03 2369.3 0.0 142.6 180.5 
275 20:37.15 2380.4 0.0 141.9 182.2 
275 20:37.65 2367.0 0.0 142.5 179.8 
275 20:38.15 2362.6 0.0 142.1 179.6 
275 20:38.65 2353.5 0.0 141.6 179.9 
275 20:39.15 2357.1 0.0 141.8 179.6 
275 20:39.65 2361.4 0.0 142.0 179.6 
275 20:40.15 2355.6 0.0 141.7 179.1 
275 20:40.65 2354.4 0.0 141.7 179.3 
275 20:41.15 2359.2 0.0 142.0 179.8 
275 20:41.65 2358.0 0.0 141.9 180.4 
275 20:42.15 2358.9 0.0 141.9 179.8 
275 20:42.65 2359.2 0.0 141.9 180.0 
275 20:43.15 2363.6 0.0 142.2 180.9 
275 20:43.65 2352.9 0.0 141.6 180.6 
275 20:44.15 2350.1 0.0 141.4 180.1 
275 20:44.65 2348.5 0.0 141.4 180.0 
275 20:45.15 2336.0 0.0 140.6 178.9 
275 20:45.65 2336.8 0.0 140.7 178.6 
275 20:46.15 2341.7 0.0 141.0 178.6 
275 20:46.65 2351.7 0.0 141.7 179.5 
275 20:47.15 2344.2 0.0 141.3 178.4 
275 20:47.65 2347.7 0.0 141.5 178.7 
275 20:48.15 2342.3 0.0 141.2 178.0 
275 20:48.65 2341.0 0.0 141.1 178.2 
275 20:49.15 2341.3 0.0 141.2 178.2 
275 20:49.65 2384.3 0.0 145.2 182.6 
275 20:57.55 214.0 0.0 142.5 182.4 
275 20:58.05 214.4 0.0 142.8 182.8 
275 20:58.55 214.9 0.0 143.1 183.2 
275 20:59.05 214.9 0.0 143.1 183.8 
275 20:59.55 214.8 0.0 143.2 184.0 
275 21:00.05 215.3 0.0 143.5 184.3 
275 21:00.55 215.4 0.0 143.6 184.8 
275 21:01.05 215.2 0.0 143.5 184.7 
275 21:01.55 214.9 0.0 143.3 185.0 
275 21:02.05 214.8 0.0 143.2 185.2 
275 21:02.55 214.6 0.0 143.2 184.5 
275 21:03.05 214.8 0.0 143.3 184.6 
275 21:03.55 214.8 0.0 143.2 184.4 
275 21:04.05 214.7 0.0 143.2 184.3 
275 21:04.55 214.5 0.0 143.1 184.3 
275 21:05.15 214.2 0.0 142.9 184.4 
275 21:05.65 214.5 0.0 143.1 184.4 
275 21:06.15 214.6 0.0 143.1 184.2 
275 21:06.65 214.8 0.0 143.3 185.0 
275 21:07.15 214.9 0.0 143.4 184.7 
275 21:07.65 214.9 0.0 143.4 185.3 
275 21:08.15 214.9 0.0 143.4 185.8 
275 21:08.65 215.2 0.0 143.6 185.5 
275 21:09.15 215.5 0.0 143.8 185.2 
275 21:09.65 216.0 0.0 144.2 186.4 
275 21:10.15 216.1 0.0 144.2 185.6 
275 21:10.65 215.8 0.0 144.0 184.4 
275 21:11.15 215.7 0.0 143.9 185.0 
275 21:11.65 215.9 0.0 144.0 185.2 
275 21:12.15 216.1 0.0 144.2 185.5 
275 21:12.65 215.6 0.0 143.9 185.9 
275 21:13.15 215.8 0.0 143.9 185.7 
275 21:13.65 216.0 0.0 144.1 186.3 
275 21:14.15 215.5 0.0 143.7 185.7 
275 21:14.65 215.2 0.0 143.6 185.3 
275 21:15.15 215.1 0.0 143.5 184.0 
275 21:15.65 215.7 0.0 143.9 185.1 
275 21:16.15 215.6 0.0 143.9 185.2 
275 21:16.65 215.3 0.0 143.7 183.9 
275 21:17.15 216.0 0.0 144.2 183.3 
275 21:17.65 216.1 0.0 144.3 184.0 
275 21:18.15 216.5 0.0 144.5 184.1 
275 21:18.65 216.6 0.0 144.6 183.9 
275 21:19.15 217.1 0.0 145.0 184.4 
275 21:19.65 220.6 0.0 149.2 189.0 
275 21:27.62 458.6 0.0 147.0 187.1 
275 21:28.12 458.6 0.0 147.0 186.2 
275 21:28.62 458.8 0.0 147.1 187.4 
275 21:29.12 458.9 0.0 147.1 187.1 
275 21:29.62 458.9 0.0 147.1 188.4 
275 21:30.12 458.6 0.0 147.1 188.5 
275 21:30.62 459.7 0.0 147.4 189.1 
275 21:31.12 459.8 0.0 147.4 189.3 
275 21:31.62 460.4 0.0 147.7 189.6 
275 21:32.12 460.0 0.0 147.6 189.2 
275 21:32.62 458.9 0.0 147.2 188.7 
275 21:33.12 458.6 0.0 147.1 187.9 
275 21:33.62 458.9 0.0 147.2 188.5 
275 21:34.12 458.4 0.0 147.1 188.4 
275 21:34.62 454.3 0.0 145.2 186.7 
275 21:35.12 449.0 0.0 143.2 184.8 
275 21:35.65 447.8 0.0 142.9 185.0 
275 21:36.15 448.3 0.0 143.4 185.8 
275 21:36.65 448.6 0.0 143.7 186.9 
275 21:37.15 446.1 0.0 142.4 185.0 
275 21:37.65 446.9 0.0 143.0 184.8 
275 21:38.15 448.5 0.0 144.0 185.1 
275 21:38.65 450.4 0.0 144.8 186.6 
275 21:39.15 451.7 0.0 145.3 186.8 
275 21:39.65 451.7 0.0 145.4 187.1 
275 21:40.15 452.2 0.0 145.7 188.2 
275 21:40.65 451.1 0.0 145.3 187.2 
275 21:41.15 451.2 0.0 145.4 186.6 
275 21:41.65 452.8 0.0 145.8 187.5 
275 21:42.15 451.9 0.0 145.5 188.3 
275 21:42.65 452.5 0.0 145.7 188.0 
275 21:43.15 453.1 0.0 145.9 188.0 
275 21:43.65 452.4 0.0 145.6 187.3 
275 21:44.15 451.2 0.0 145.3 187.0 
275 21:44.65 447.7 0.0 144.0 186.2 
275 21:45.15 448.2 0.0 144.3 186.2 
275 21:45.65 447.5 0.0 144.0 186.2 
275 21:46.15 447.2 0.0 143.7 187.0 
275 21:46.65 447.2 0.0 143.7 186.8 
275 21:47.15 448.8 0.0 144.4 186.8 
275 21:47.65 446.9 0.0 143.6 186.0 
275 21:48.15 448.6 0.0 144.1 186.1 
275 21:48.65 448.8 0.0 144.2 186.0 
275 21:49.15 447.3 0.0 143.5 185.7 
275 21:49.65 448.9 0.0 144.1 186.2 
275 21:50.15 456.4 0.0 148.0 190.5 
275 21:58.98 513.1 0.0 161.1 200.4 
275 21:59.48 513.9 0.0 161.3 201.2 
275 21:59.98 516.4 0.0 162.1 202.9 
275 22:00.48 517.1 0.0 162.3 202.7 
275 22:00.98 515.7 0.0 161.9 202.5 
275 22:01.48 514.1 0.0 161.4 201.5 
275 22:01.98 515.3 0.0 161.8 201.7 
275 22:02.48 516.2 0.0 162.1 202.2 
275 22:02.98 516.6 0.0 162.2 202.8 
275 22:03.48 517.2 0.0 162.4 202.7 
275 22:03.98 518.0 0.0 162.7 202.8 
275 22:04.48 518.4 0.0 162.8 203.4 
275 22:04.98 519.2 0.0 163.0 203.4 
275 22:05.48 510.7 0.0 160.4 200.8 
275 22:06.82 469.3 0.0 148.5 188.6 
275 22:07.32 467.2 0.0 147.6 188.8 
275 22:07.82 458.3 0.0 144.4 186.2 
275 22:08.32 455.9 0.0 143.6 185.9 
275 22:08.82 456.1 0.0 144.0 186.2 
275 22:09.32 460.8 0.0 146.1 186.5 
275 22:09.82 463.4 0.0 147.1 187.4 
275 22:10.32 462.8 0.0 147.0 187.7 
275 22:10.82 463.0 0.0 147.1 186.9 
275 22:11.32 463.9 0.0 147.4 188.0 
275 22:11.82 464.0 0.0 147.5 188.2 
275 22:12.32 464.4 0.0 147.6 187.9 
275 22:12.82 465.0 0.0 147.8 187.6 
275 22:13.32 464.8 0.0 147.7 187.4 
275 22:13.82 463.7 0.0 147.4 187.8 
275 22:14.32 463.5 0.0 147.3 187.5 
275 22:14.82 463.6 0.0 147.3 186.9 
275 22:15.32 464.3 0.0 147.5 186.8 
275 22:15.82 464.0 0.0 147.5 186.7 
275 22:16.32 463.7 0.0 147.4 186.1 
275 22:16.82 463.7 0.0 147.4 186.3 
275 22:17.32 464.9 0.0 147.8 186.8 
275 22:17.82 464.9 0.0 147.8 187.9 
275 22:18.32 464.3 0.0 147.6 187.5 
275 22:18.82 465.0 0.0 147.8 187.9 
275 22:19.32 465.6 0.0 148.0 188.3 
275 22:19.82 477.9 0.0 155.5 196.1 
275 22:27.62 443.2 0.0 143.7 182.8 
275 22:28.12 442.5 0.0 143.4 182.8 
275 22:28.62 441.7 0.0 143.1 182.1 
275 22:29.12 441.2 0.0 142.9 181.1 
275 22:29.62 442.7 0.0 143.4 181.3 
275 22:30.12 441.8 0.0 143.1 182.0 
275 22:30.62 442.3 0.0 143.3 182.1 
275 22:31.12 442.1 0.0 143.2 182.7 
275 22:31.62 443.7 0.0 143.7 183.5 
275 22:32.12 443.8 0.0 143.8 183.7 
275 22:32.62 443.4 0.0 143.6 183.4 
275 22:33.12 442.7 0.0 143.4 182.5 
275 22:33.62 444.2 0.0 143.9 183.0 
275 22:34.12 444.5 0.0 143.9 182.9 
275 22:34.62 444.7 0.0 144.0 184.3 
275 22:35.12 444.0 0.0 143.8 182.8 
275 22:35.65 444.4 0.0 143.9 183.2 
275 22:36.15 445.3 0.0 144.2 183.8 
275 22:36.65 445.1 0.0 144.1 184.0 
275 22:37.15 443.6 0.0 143.6 182.5 
275 22:37.65 442.4 0.0 143.2 181.4 
275 22:38.15 443.2 0.0 143.5 181.6 
275 22:38.65 442.2 0.0 143.2 181.5 
275 22:39.15 442.6 0.0 143.3 182.1 
275 22:39.65 443.3 0.0 143.5 182.1 
275 22:40.15 442.9 0.0 143.4 181.2 
275 22:40.65 443.5 0.0 143.6 182.8 
275 22:41.15 445.1 0.0 144.2 183.2 
275 22:41.65 445.4 0.0 144.3 182.3 
275 22:42.15 445.1 0.0 144.2 182.5 
275 22:42.65 445.1 0.0 144.2 182.9 
275 22:43.15 446.4 0.0 144.6 182.9 
275 22:43.65 448.2 0.0 145.2 183.9 
275 22:44.15 448.5 0.0 145.3 183.7 
275 22:44.65 448.2 0.0 145.2 184.0 
275 22:45.15 448.2 0.0 145.2 184.3 
275 22:45.65 447.7 0.0 145.1 183.4 
275 22:46.15 448.8 0.0 145.4 184.6 
275 22:46.65 447.5 0.0 145.1 184.7 
275 22:47.15 448.0 0.0 145.3 185.0 
275 22:47.65 448.5 0.0 145.4 184.7 
275 22:48.15 448.1 0.0 145.3 184.4 
275 22:48.65 448.3 0.0 145.3 183.8 
275 22:49.15 446.5 0.0 144.8 184.0 
275 22:49.65 446.1 0.0 144.7 184.0 
275 22:50.15 448.8 0.0 147.2 185.7 
275 23:07.92 434.1 0.0 140.6 179.5 
275 23:08.42 443.3 0.0 143.9 182.3 
275 23:08.92 442.8 0.0 143.6 182.5 
275 23:09.42 433.6 0.0 140.3 180.1 
275 23:09.92 437.9 0.0 142.5 182.6 
275 23:10.42 440.6 0.0 143.6 183.3 
275 23:10.92 440.0 0.0 143.5 182.7 
275 23:11.42 439.6 0.0 143.4 182.3 
275 23:11.92 440.5 0.0 143.7 182.3 
275 23:12.42 440.3 0.0 143.6 182.7 
275 23:12.92 439.9 0.0 143.5 182.8 
275 23:13.42 440.3 0.0 143.6 183.6 
275 23:13.92 439.3 0.0 143.3 182.2 
275 23:14.42 438.9 0.0 143.2 182.0 
275 23:14.92 439.2 0.0 143.3 182.3 
275 23:15.42 439.6 0.0 143.4 183.0 
275 23:15.92 440.6 0.0 143.7 183.1 
275 23:16.42 440.8 0.0 143.8 182.7 
275 23:16.92 442.0 0.0 144.1 182.6 
275 23:17.42 442.6 0.0 144.3 182.4 
275 23:17.92 442.1 0.0 144.1 182.4 
275 23:18.42 441.7 0.0 144.0 182.8 
275 23:18.92 442.2 0.0 144.2 183.5 
275 23:19.42 441.9 0.0 144.2 183.0 
275 23:19.92 441.8 0.0 144.1 182.4 
275 23:20.42 452.8 0.0 152.8 192.4 
275 23:28.07 457.8 0.0 149.0 187.1 
275 23:28.57 458.1 0.0 149.1 187.7 
275 23:29.07 458.3 0.0 149.2 187.7 
275 23:29.57 457.8 0.0 149.0 187.1 
275 23:30.07 457.6 0.0 149.0 187.2 
275 23:30.57 457.2 0.0 148.9 186.9 
275 23:31.07 456.5 0.0 148.6 186.6 
275 23:31.57 456.0 0.0 148.5 186.7 
275 23:32.07 454.6 0.0 148.0 186.4 
275 23:32.57 453.2 0.0 147.6 185.7 
275 23:33.07 452.9 0.0 147.5 185.4 
275 23:33.57 452.3 0.0 147.3 184.9 
275 23:34.07 452.1 0.0 147.2 185.2 
275 23:34.57 452.5 0.0 147.4 185.1 
275 23:35.07 453.0 0.0 147.6 185.6 
275 23:35.65 453.2 0.0 147.7 184.9 
275 23:36.15 453.4 0.0 147.7 184.7 
275 23:36.65 453.2 0.0 147.7 185.2 
275 23:37.15 453.9 0.0 147.9 186.0 
275 23:37.65 454.0 0.0 147.9 185.4 
275 23:38.15 454.0 0.0 147.9 186.4 
275 23:38.65 452.9 0.0 147.5 185.3 
275 23:39.15 451.4 0.0 147.0 184.4 
275 23:39.65 449.9 0.0 146.5 183.7 
275 23:40.15 449.7 0.0 146.4 183.7 
275 23:40.65 449.5 0.0 146.3 183.4 
275 23:41.15 451.8 0.0 147.0 184.7 
275 23:41.65 451.5 0.0 146.9 184.8 
275 23:42.15 450.4 0.0 146.6 184.1 
275 23:42.65 448.5 0.0 145.9 183.0 
275 23:43.15 448.7 0.0 146.0 183.4 
275 23:43.65 448.4 0.0 145.9 183.2 
275 23:44.15 447.8 0.0 145.7 182.7 
275 23:44.65 445.4 0.0 144.9 182.1 
275 23:45.15 444.6 0.0 144.6 181.8 
275 23:45.65 444.0 0.0 144.3 182.2 
275 23:46.15 443.6 0.0 144.3 182.1 
275 23:46.65 441.8 0.0 143.7 181.0 
275 23:47.15 437.3 0.0 141.8 179.6 
275 23:47.65 438.8 0.0 142.5 180.6 
275 23:48.15 437.4 0.0 141.8 179.2 
275 23:48.65 438.9 0.0 142.4 180.2 
275 23:49.15 438.5 0.0 142.2 179.6 
275 23:49.65 444.9 0.0 145.7 184.6 
275 23:58.82 485.8 0.0 156.8 196.5 
275 23:59.32 488.4 0.0 157.6 197.2 
275 23:59.82 490.1 0.0 158.2 198.1 
276 00:00.32 492.5 0.0 159.0 198.9 
276 00:00.82 490.7 0.0 158.4 197.7 
276 00:01.32 491.1 0.0 158.5 197.9 
276 00:01.82 492.7 0.0 158.9 199.0 
276 00:02.32 494.9 0.0 159.7 199.6 
276 00:02.82 494.7 0.0 159.6 198.6 
276 00:03.32 493.7 0.0 159.3 198.3 
276 00:03.82 493.1 0.0 159.1 198.6 
276 00:04.32 496.0 0.0 160.0 200.1 
276 00:04.82 494.9 0.0 159.7 199.6 
276 00:05.32 492.0 0.0 158.7 198.2 
276 00:07.20 470.4 0.0 151.6 192.2 
276 00:07.70 466.1 0.0 149.7 191.4 
276 00:08.20 469.9 0.0 150.5 190.7 
276 00:08.70 474.9 0.0 152.6 191.7 
276 00:09.20 475.3 0.0 152.7 192.6 
276 00:09.70 475.5 0.0 152.7 192.9 
276 00:10.20 475.0 0.0 152.6 192.5 
276 00:10.70 475.2 0.0 152.6 192.0 
276 00:11.20 474.6 0.0 152.5 191.5 
276 00:11.70 473.4 0.0 152.1 191.9 
276 00:12.20 472.7 0.0 151.9 191.5 
276 00:12.70 471.9 0.0 151.6 191.7 
276 00:13.20 471.7 0.0 151.6 191.6 
276 00:13.70 471.0 0.0 151.4 192.1 
276 00:14.20 470.3 0.0 151.1 191.6 
276 00:14.70 470.2 0.0 151.1 191.9 
276 00:15.20 472.2 0.0 151.6 192.4 
276 00:15.70 472.5 0.0 151.7 192.0 
276 00:16.20 471.8 0.0 151.5 191.4 
276 00:16.70 472.2 0.0 151.6 191.5 
276 00:17.20 472.4 0.0 151.7 192.0 
276 00:17.70 473.0 0.0 151.9 192.1 
276 00:18.20 472.9 0.0 151.9 191.2 
276 00:18.70 472.6 0.0 151.8 191.0 
276 00:19.20 472.8 0.0 151.8 191.5 
276 00:19.70 473.4 0.0 152.1 192.0 
276 00:20.20 473.0 0.0 151.9 191.3 
276 00:20.87 474.0 0.0 152.3 191.2 
276 00:21.37 474.3 0.0 152.4 191.5 
276 00:21.87 474.2 0.0 152.4 190.8 
276 00:22.37 474.4 0.0 152.5 192.0 
276 00:22.87 473.5 0.0 152.2 191.1 
276 00:23.37 473.3 0.0 152.1 191.3 
276 00:23.87 474.1 0.0 152.4 191.2 
276 00:24.37 473.8 0.0 152.3 190.8 
276 00:24.87 473.5 0.0 152.2 191.0 
276 00:25.37 471.9 0.0 151.7 190.8 
276 00:25.87 470.8 0.0 151.4 190.3 
276 00:26.37 471.0 0.0 151.5 190.7 
276 00:26.87 471.4 0.0 151.6 190.9 
276 00:27.37 471.3 0.0 151.6 191.3 
276 00:27.87 471.7 0.0 151.7 191.3 
276 00:28.37 471.4 0.0 151.6 190.1 
276 00:28.87 471.2 0.0 151.5 190.5 
276 00:29.37 470.2 0.0 151.2 190.7 
276 00:29.87 469.3 0.0 150.9 189.7 
276 00:30.37 468.6 0.0 150.6 188.7 
276 00:30.87 467.7 0.0 150.3 188.3 
276 00:31.37 467.5 0.0 150.2 188.8 
276 00:31.87 467.3 0.0 150.2 188.2 
276 00:32.37 466.8 0.0 150.0 188.3 
276 00:32.87 467.0 0.0 150.1 188.5 
276 00:33.37 467.0 0.0 150.1 188.1 
276 00:33.87 466.8 0.0 150.1 189.1 
276 00:34.37 467.7 0.0 150.3 189.3 
276 00:34.87 468.1 0.0 150.5 189.3 
276 00:35.37 478.8 0.0 157.3 196.5 
276 00:46.13 471.5 0.0 152.4 190.9 
276 00:46.63 473.5 0.0 153.2 192.5 
276 00:47.13 475.3 0.0 153.8 194.1 
276 00:47.63 474.8 0.0 153.6 192.7 
276 00:48.13 473.8 0.0 153.3 192.4 
276 00:48.63 472.2 0.0 152.8 192.3 
276 00:49.13 472.3 0.0 152.8 191.9 
276 00:49.63 471.7 0.0 152.6 191.7 
276 00:50.13 471.7 0.0 152.6 191.7 
276 01:04.33 443.1 0.0 143.5 183.8 
276 01:04.83 442.6 0.0 143.4 183.5 
276 01:05.33 452.0 0.0 150.5 190.2 
276 01:13.35 444.0 0.0 150.2 195.0 
276 01:13.85 443.0 0.0 149.9 195.5 
276 01:14.35 444.0 0.0 150.2 194.9 
276 01:14.85 444.3 0.0 150.3 196.1 
276 01:15.35 444.4 0.0 150.4 196.0 
276 01:15.85 444.9 0.0 150.5 196.0 
276 01:16.35 445.6 0.0 150.7 195.7 
276 01:16.85 445.9 0.0 150.8 196.3 
276 01:17.35 445.9 0.0 150.8 196.1 
276 01:17.85 446.0 0.0 150.8 196.3 
276 01:18.35 445.8 0.0 150.8 195.8 
276 01:18.85 445.6 0.0 150.7 196.2 
276 01:19.35 445.4 0.0 150.6 195.9 
276 01:19.85 445.1 0.0 150.5 196.0 
276 01:20.35 445.6 0.0 150.6 196.1 
276 01:20.65 443.9 0.0 150.8 194.8 
276 01:21.15 445.9 0.0 150.7 195.4 
276 01:21.65 446.7 0.0 151.0 196.6 
276 01:22.15 447.0 0.0 151.1 196.6 
276 01:22.65 446.0 0.0 150.8 196.3 
276 01:23.15 445.3 0.0 150.5 195.8 
276 01:23.65 444.9 0.0 150.4 195.8 
276 01:24.15 444.3 0.0 150.2 195.9 
276 01:24.65 444.4 0.0 150.2 196.1 
276 01:25.15 444.1 0.0 150.1 196.2 
276 01:25.65 444.6 0.0 150.2 196.7 
276 01:26.15 443.7 0.0 149.9 195.9 
276 01:26.65 443.5 0.0 149.9 196.0 
276 01:27.15 444.0 0.0 150.1 196.6 
276 01:27.65 445.3 0.0 150.5 197.0 
276 01:28.15 446.5 0.0 150.9 196.4 
276 01:28.65 447.6 0.0 151.3 196.2 
276 01:29.15 448.8 0.0 151.7 196.7 
276 01:29.65 448.5 0.0 151.6 196.4 
276 01:30.15 449.1 0.0 151.8 196.3 
276 01:30.65 448.9 0.0 151.8 196.9 
276 01:31.15 447.8 0.0 151.4 195.8 
276 01:31.65 446.7 0.0 151.1 195.9 
276 01:32.15 447.3 0.0 151.3 196.4 
276 01:32.65 447.4 0.0 151.3 197.0 
276 01:33.15 447.1 0.0 151.2 197.7 
276 01:33.65 447.5 0.0 151.3 197.0 
276 01:34.15 447.3 0.0 151.3 197.4 
276 01:34.65 448.2 0.0 151.6 196.9 
276 01:35.15 448.2 0.0 151.6 197.2 
276 01:35.77 449.0 0.0 151.8 197.2 
276 01:36.27 449.1 0.0 151.9 197.4 
276 01:36.77 448.6 0.0 151.7 197.0 
276 01:37.27 448.5 0.0 151.7 197.1 
276 01:37.77 448.9 0.0 151.8 196.7 
276 01:38.27 448.8 0.0 151.8 196.2 
276 01:38.77 448.9 0.0 151.8 196.6 
276 01:39.27 448.8 0.0 151.8 196.9 
276 01:39.77 448.8 0.0 151.8 196.5 
276 01:40.27 448.7 0.0 151.8 196.1 
276 01:40.77 448.5 0.0 151.7 195.9 
276 01:41.27 447.4 0.0 151.4 194.8 
276 01:41.77 447.4 0.0 151.4 195.4 
276 01:42.27 447.3 0.0 151.4 196.7 
276 01:42.77 448.2 0.0 151.7 196.2 
276 01:43.27 449.9 0.0 152.2 197.0 
276 01:43.77 450.1 0.0 152.3 196.7 
276 01:44.27 450.9 0.0 152.5 197.3 
276 01:44.77 451.4 0.0 152.7 197.2 
276 01:45.27 450.9 0.0 152.5 197.3 
276 01:45.77 450.8 0.0 152.4 196.9 
276 01:46.27 450.7 0.0 152.4 196.3 
276 01:46.77 450.7 0.0 152.4 196.4 
276 01:47.27 451.1 0.0 152.5 197.2 
276 01:47.77 452.1 0.0 152.9 197.1 
276 01:48.27 453.3 0.0 153.3 197.5 
276 01:48.77 454.4 0.0 153.6 197.8 
276 01:49.27 455.0 0.0 153.8 197.4 
276 01:49.77 454.9 0.0 153.8 197.7 
276 01:50.27 465.4 0.0 161.1 205.9 
276 02:06.57 464.3 0.0 156.6 202.2 
276 02:07.07 462.9 0.0 156.1 202.0 
276 02:15.42 463.5 0.0 156.3 199.2 
276 02:15.92 464.3 0.0 156.6 200.2 
276 02:16.42 464.7 0.0 156.7 200.8 
276 02:16.92 464.5 0.0 156.7 200.4 
276 02:17.42 465.3 0.0 156.9 201.3 
276 02:17.92 465.0 0.0 156.9 200.8 
276 02:18.42 464.7 0.0 156.8 201.2 
276 02:18.92 465.2 0.0 156.9 202.3 
276 02:19.42 464.2 0.0 156.7 201.0 
276 02:19.92 464.6 0.0 156.8 201.5 
276 02:20.42 475.8 0.0 166.1 211.1 
276 02:28.12 457.6 0.0 147.6 184.0 
276 02:28.62 458.5 0.0 147.8 184.5 
276 02:29.12 458.8 0.0 148.0 184.2 
276 02:29.62 458.3 0.0 147.8 183.9 
276 02:30.12 458.9 0.0 148.0 183.9 
276 02:30.62 459.0 0.0 148.0 184.0 
276 02:31.12 459.1 0.0 148.1 184.3 
276 02:31.62 458.9 0.0 148.0 185.3 
276 02:32.12 458.8 0.0 148.0 185.1 
276 02:32.62 459.0 0.0 148.0 184.5 
276 02:33.12 458.9 0.0 148.0 183.9 
276 02:33.62 459.2 0.0 148.1 183.6 
276 02:34.12 459.2 0.0 148.1 183.5 
276 02:34.62 459.3 0.0 148.1 184.2 
276 02:35.12 459.6 0.0 148.2 183.9 
276 02:35.65 459.9 0.0 148.3 185.0 
276 02:36.15 460.1 0.0 148.4 184.8 
276 02:36.65 460.5 0.0 148.4 185.8 
276 02:37.15 461.8 0.0 148.8 186.4 
276 02:37.65 461.7 0.0 148.7 186.7 
276 02:38.15 462.3 0.0 148.9 186.5 
276 02:38.65 461.9 0.0 148.8 185.5 
276 02:39.15 461.9 0.0 148.8 185.1 
276 02:39.65 461.9 0.0 148.8 185.0 
276 02:40.15 461.5 0.0 148.7 184.6 
276 02:40.65 459.3 0.0 148.0 183.4 
276 02:41.15 457.1 0.0 147.3 182.7 
276 02:41.65 457.7 0.0 147.5 183.0 
276 02:42.15 457.7 0.0 147.5 183.5 
276 02:42.65 457.7 0.0 147.5 184.0 
276 02:43.15 457.7 0.0 147.5 184.1 
276 02:43.65 458.7 0.0 147.8 184.6 
276 02:44.15 459.5 0.0 148.1 184.4 
276 02:44.65 460.2 0.0 148.3 185.2 
276 02:45.15 461.7 0.0 148.8 185.1 
276 02:45.65 462.9 0.0 149.2 185.3 
276 02:46.15 463.8 0.0 149.5 187.0 
276 02:46.65 464.6 0.0 149.7 187.6 
276 02:47.15 464.6 0.0 149.7 187.5 
276 02:47.65 464.7 0.0 149.8 187.9 
276 02:48.15 464.7 0.0 149.8 187.6 
276 02:48.65 464.8 0.0 149.8 186.9 
276 02:49.15 464.7 0.0 149.8 187.7 
276 02:49.65 464.3 0.0 149.7 187.9 
276 02:50.15 472.2 0.0 154.3 193.0 
276 03:00.78 454.4 0.0 144.3 181.0 
276 03:01.28 454.4 0.0 144.3 181.7 
276 03:01.78 454.6 0.0 144.3 181.5 
276 03:02.28 455.2 0.0 144.5 182.1 
276 03:02.78 454.8 0.0 144.4 182.0 
276 03:03.28 454.8 0.0 144.4 182.1 
276 03:03.78 456.7 0.0 144.9 182.8 
276 03:04.28 455.5 0.0 144.6 182.7 
276 03:04.78 456.5 0.0 144.9 182.4 
276 03:05.28 456.5 0.0 144.9 182.8 
276 03:07.32 467.0 0.0 148.3 186.0 
276 03:07.82 467.3 0.0 148.5 186.8 
276 03:08.32 467.9 0.0 148.6 187.3 
276 03:08.82 468.7 0.0 148.9 186.9 
276 03:09.32 469.3 0.0 149.1 186.1 
276 03:09.82 469.8 0.0 149.2 187.1 
276 03:10.32 470.3 0.0 149.4 186.7 
276 03:10.82 470.4 0.0 149.4 186.7 
276 03:11.32 469.8 0.0 149.3 187.4 
276 03:11.82 469.6 0.0 149.2 187.7 
276 03:12.32 471.5 0.0 149.8 187.7 
276 03:12.82 473.1 0.0 150.4 188.4 
276 03:13.32 473.7 0.0 150.5 188.7 
276 03:13.82 473.9 0.0 150.6 189.7 
276 03:14.32 473.7 0.0 150.6 189.4 
276 03:14.82 473.1 0.0 150.4 188.2 
276 03:15.32 474.2 0.0 150.8 188.6 
276 03:15.82 474.1 0.0 150.7 189.3 
276 03:16.32 473.6 0.0 150.6 188.7 
276 03:16.82 472.5 0.0 150.3 187.9 
276 03:17.32 472.6 0.0 150.3 187.9 
276 03:17.82 473.6 0.0 150.6 188.1 
276 03:18.32 475.1 0.0 151.1 189.3 
276 03:18.82 474.7 0.0 151.0 189.2 
276 03:19.32 475.1 0.0 151.1 188.0 
276 03:19.82 476.8 0.0 151.6 189.3 
276 03:20.32 487.5 0.0 159.2 197.8 
276 03:29.22 489.0 0.0 154.5 192.9 
276 03:29.72 490.7 0.0 155.1 193.7 
276 03:30.22 491.5 0.0 155.4 194.4 
276 03:30.72 492.2 0.0 155.7 194.3 
276 03:31.22 493.4 0.0 156.1 195.3 
276 03:31.72 493.8 0.0 156.2 195.8 
276 03:32.22 494.5 0.0 156.4 196.7 
276 03:32.72 495.5 0.0 156.7 196.5 
276 03:33.22 496.4 0.0 157.0 196.4 
276 03:33.72 496.6 0.0 157.0 196.3 
276 03:34.22 497.4 0.0 157.3 196.8 
276 03:34.72 498.9 0.0 157.8 196.4 
276 03:35.22 500.5 0.0 158.3 196.2 
276 03:35.67 500.9 0.0 158.9 196.4 
276 03:36.17 502.6 0.0 159.0 197.5 
276 03:36.67 503.2 0.0 159.2 197.3 
276 03:37.17 503.4 0.0 159.2 197.3 
276 03:37.67 503.1 0.0 159.1 197.3 
276 03:38.17 503.4 0.0 159.2 197.4 
276 03:38.67 504.4 0.0 159.6 197.3 
276 03:39.17 506.3 0.0 160.2 197.3 
276 03:39.67 508.0 0.0 160.7 197.0 
276 03:40.17 508.3 0.0 160.8 197.2 
276 03:40.67 508.6 0.0 160.9 198.3 
276 03:41.17 508.8 0.0 161.0 199.0 
276 03:41.67 509.1 0.0 161.1 198.6 
276 03:42.17 509.0 0.0 161.1 198.8 
276 03:42.67 509.1 0.0 161.0 198.3 
276 03:43.17 508.8 0.0 160.9 198.9 
276 03:43.67 508.4 0.0 160.8 198.3 
276 03:44.17 508.3 0.0 160.8 198.2 
276 03:44.67 508.4 0.0 160.8 198.4 
276 03:45.17 509.2 0.0 161.1 198.7 
276 03:45.67 509.6 0.0 161.2 199.1 
276 03:46.17 509.6 0.0 161.2 199.3 
276 03:46.67 509.9 0.0 161.4 198.8 
276 03:47.17 510.5 0.0 161.5 198.8 
276 03:47.67 512.4 0.0 161.7 201.2 
276 03:48.17 512.2 0.0 162.1 200.2 
276 03:48.67 512.9 0.0 162.3 201.1 
276 03:49.17 514.0 0.0 162.7 200.9 
276 03:49.67 515.1 0.0 163.0 200.4 
276 03:50.17 524.1 0.0 168.4 205.9 
276 03:59.30 243.8 0.0 168.4 211.4 
276 03:59.80 244.1 0.0 168.6 211.8 
276 04:00.30 244.3 0.0 168.7 211.5 
276 04:00.80 244.4 0.0 168.8 211.0 
276 04:01.30 244.4 0.0 168.8 210.6 
276 04:01.80 244.2 0.0 168.8 210.0 
276 04:02.30 244.6 0.0 169.0 210.6 
276 04:02.80 244.8 0.0 169.2 211.0 
276 04:03.30 244.9 0.0 169.2 211.4 
276 04:03.80 245.2 0.0 169.4 211.8 
276 04:04.30 245.8 0.0 169.9 211.7 
276 04:04.80 245.5 0.0 169.7 212.5 
276 04:05.30 245.2 0.0 169.5 212.4 
276 04:07.05 257.5 0.0 178.3 221.1 
276 04:07.55 257.7 0.0 178.5 221.5 
276 04:08.05 258.0 0.0 178.7 221.4 
276 04:08.55 258.1 0.0 178.8 221.6 
276 04:09.05 258.1 0.0 178.8 221.6 
276 04:09.55 258.5 0.0 179.0 223.2 
276 04:10.05 258.5 0.0 179.1 223.0 
276 04:10.55 258.6 0.0 179.2 222.6 
276 04:11.05 258.9 0.0 179.4 222.8 
276 04:11.55 259.2 0.0 179.6 223.0 
276 04:12.05 259.8 0.0 180.0 224.0 
276 04:12.55 260.2 0.0 180.3 224.6 
276 04:13.05 260.3 0.0 180.4 224.0 
276 04:13.55 260.7 0.0 180.6 224.1 
276 04:14.05 261.5 0.0 181.1 224.9 
276 04:14.55 262.3 0.0 181.6 225.8 
276 04:15.05 262.8 0.0 181.9 226.2 
276 04:15.55 263.0 0.0 182.0 225.5 
276 04:16.05 262.9 0.0 181.9 224.9 
276 04:16.55 263.0 0.0 182.0 225.2 
276 04:17.05 263.1 0.0 182.1 226.3 
276 04:17.55 263.4 0.0 182.3 226.6 
276 04:18.05 263.4 0.0 182.3 226.6 
276 04:18.55 263.7 0.0 182.6 226.6 
276 04:19.05 264.7 0.0 183.2 227.4 
276 04:19.55 265.0 0.0 183.4 227.7 
276 04:20.05 265.9 0.0 184.7 229.0 
276 04:28.20 0.0 0.0 164.9 206.7 
276 04:28.70 0.0 0.0 164.8 206.7 
276 04:29.20 0.0 0.0 164.8 206.9 
276 04:29.70 0.0 0.0 164.9 207.6 
276 04:30.20 0.0 0.0 165.0 206.9 
276 04:30.70 0.0 0.0 165.3 207.0 
276 04:31.20 0.0 0.0 165.4 207.9 
276 04:31.70 0.0 0.0 165.4 207.9 
276 04:32.20 0.0 0.0 165.5 208.2 
276 04:32.70 0.0 0.0 165.4 208.5 
276 04:33.20 0.0 0.0 165.4 209.2 
276 04:33.70 0.0 0.0 165.3 208.1 
276 04:34.20 0.0 0.0 165.4 208.6 
276 04:34.70 0.0 0.0 165.4 208.6 
276 04:35.20 0.0 0.0 165.7 208.6 
276 04:35.65 0.0 0.0 167.1 208.3 
276 04:36.15 0.0 0.0 166.8 208.8 
276 04:36.65 0.0 0.0 167.1 208.3 
276 04:37.15 0.0 0.0 167.0 208.5 
276 04:37.65 0.0 0.0 167.0 208.5 
276 04:38.15 0.0 0.0 167.2 208.0 
276 04:38.65 0.0 0.0 167.2 207.6 
276 04:39.15 0.0 0.0 167.3 208.0 
276 04:39.65 0.0 0.0 167.2 208.1 
276 04:40.15 0.0 0.0 167.6 209.1 
276 04:40.65 0.0 0.0 167.9 209.3 
276 04:41.15 0.0 0.0 168.1 210.6 
276 04:41.65 0.0 0.0 167.8 209.7 
276 04:42.15 0.0 0.0 167.6 209.3 
276 04:42.65 0.0 0.0 167.9 209.5 
276 04:43.15 0.0 0.0 168.0 209.1 
276 04:43.65 0.0 0.0 167.9 209.4 
276 04:44.15 0.0 0.0 168.1 209.8 
276 04:44.65 0.0 0.0 168.2 209.6 
276 04:45.15 0.0 0.0 167.9 209.0 
276 04:45.65 0.0 0.0 167.9 209.5 
276 04:46.15 0.0 0.0 167.5 209.2 
276 04:46.65 0.0 0.0 167.8 210.3 
276 04:47.15 0.0 0.0 167.8 209.3 
276 04:47.65 0.0 0.0 167.7 209.3 
276 04:48.15 0.0 0.0 167.7 209.7 
276 04:48.65 0.0 0.0 167.8 208.8 
276 04:49.15 0.0 0.0 167.4 208.9 
276 04:49.65 0.0 0.0 167.4 208.9 
276 04:50.15 0.0 0.0 169.9 211.1 
276 05:16.73 256.5 0.0 177.4 225.5 
276 05:17.23 256.9 0.0 177.7 224.8 
276 05:17.73 256.9 0.0 177.7 224.4 
276 05:18.23 257.1 0.0 177.8 224.9 
276 05:18.73 257.3 0.0 177.9 224.0 
276 05:19.23 256.8 0.0 177.7 224.3 
276 05:19.73 256.9 0.0 177.8 224.7 
276 05:20.23 260.4 0.0 182.8 230.6 
276 05:28.12 513.1 0.0 184.0 228.8 
276 05:28.62 512.8 0.0 184.0 228.6 
276 05:29.12 514.6 0.0 184.6 228.7 
276 05:29.62 515.7 0.0 185.0 229.4 
276 05:30.12 516.0 0.0 185.2 230.0 
276 05:30.62 516.0 0.0 185.2 230.0 
276 05:31.12 517.3 0.0 185.7 230.7 
276 05:31.62 518.7 0.0 186.1 231.0 
276 05:32.12 519.3 0.0 186.4 230.2 
276 05:32.62 520.2 0.0 186.7 230.6 
276 05:33.12 520.4 0.0 186.8 231.1 
276 05:33.62 522.0 0.0 187.4 232.9 
276 05:34.12 521.8 0.0 187.3 233.4 
276 05:34.62 522.6 0.0 187.6 233.4 
276 05:35.12 523.1 0.0 187.8 233.4 
276 05:35.78 524.0 0.0 188.1 234.4 
276 05:36.28 524.5 0.0 188.2 234.6 
276 05:36.78 525.2 0.0 188.5 234.1 
276 05:37.28 524.5 0.0 188.2 233.4 
276 05:37.78 524.0 0.0 188.0 233.5 
276 05:38.28 523.8 0.0 188.0 233.2 
276 05:38.78 521.8 0.0 187.2 232.4 
276 05:39.28 521.9 0.0 187.1 231.6 
276 05:39.78 521.3 0.0 187.0 231.5 
276 05:40.28 520.7 0.0 186.8 231.3 
276 05:40.78 520.0 0.0 186.6 230.5 
276 05:41.28 520.0 0.0 186.6 230.5 
276 05:41.78 519.6 0.0 186.5 230.5 
276 05:42.28 520.4 0.0 186.8 230.8 
276 05:42.78 521.2 0.0 187.0 231.6 
276 05:43.28 523.8 0.0 187.9 232.3 
276 05:43.78 524.4 0.0 188.1 232.8 
276 05:44.28 526.8 0.0 188.9 233.8 
276 05:44.78 527.8 0.0 189.3 234.3 
276 05:45.28 529.3 0.0 189.8 234.9 
276 05:45.78 530.4 0.0 190.2 236.0 
276 05:46.28 531.9 0.0 190.7 236.0 
276 05:46.78 534.6 0.0 191.6 235.5 
276 05:47.28 534.4 0.0 191.5 236.4 
276 05:47.78 534.9 0.0 191.7 236.0 
276 05:48.28 534.7 0.0 191.6 236.0 
276 05:48.78 536.4 0.0 192.2 237.0 
276 05:49.28 536.6 0.0 192.3 237.7 
276 05:49.78 535.6 0.0 192.0 238.4 
276 05:50.28 541.4 0.0 197.3 244.1 
276 05:59.35 233.4 0.0 172.6 216.3 
276 05:59.85 233.8 0.0 173.0 216.9 
276 06:00.35 233.9 0.0 173.1 217.8 
276 06:00.85 233.9 0.0 173.0 217.5 
276 06:01.35 233.9 0.0 173.0 216.6 
276 06:01.85 234.4 0.0 173.3 217.5 
276 06:02.35 234.4 0.0 173.4 218.1 
276 06:02.85 235.1 0.0 173.9 218.9 
276 06:03.35 235.5 0.0 174.2 218.9 
276 06:03.85 235.8 0.0 174.4 218.6 
276 06:04.35 236.0 0.0 174.6 218.8 
276 06:04.85 235.9 0.0 174.5 219.1 
276 06:05.35 235.4 0.0 174.2 218.9 
276 06:06.97 275.2 0.0 202.0 246.0 
276 06:07.47 275.7 0.0 202.4 246.2 
276 06:07.97 276.1 0.0 202.7 246.8 
276 06:08.47 276.2 0.0 202.8 246.5 
276 06:08.97 276.0 0.0 202.7 246.1 
276 06:09.47 276.3 0.0 203.0 246.5 
276 06:09.97 276.2 0.0 202.9 245.9 
276 06:10.47 276.2 0.0 202.9 246.1 
276 06:10.97 276.1 0.0 202.8 246.5 
276 06:11.47 276.5 0.0 203.1 246.5 
276 06:11.97 276.4 0.0 203.1 246.3 
276 06:12.47 276.9 0.0 203.4 246.8 
276 06:12.97 277.5 0.0 203.9 246.7 
276 06:13.47 278.0 0.0 204.2 247.2 
276 06:13.97 278.7 0.0 204.8 247.6 
276 06:14.47 279.3 0.0 205.2 248.2 
276 06:14.97 280.0 0.0 205.7 248.0 
276 06:15.47 280.3 0.0 205.9 248.7 
276 06:15.97 280.4 0.0 205.9 249.2 
276 06:16.47 280.8 0.0 206.2 248.6 
276 06:16.97 280.8 0.0 206.2 249.8 
276 06:17.47 280.6 0.0 206.0 249.9 
276 06:17.97 280.8 0.0 206.2 250.5 
276 06:18.47 280.7 0.0 206.1 249.3 
276 06:18.97 280.8 0.0 206.2 249.3 
276 06:19.47 280.9 0.0 206.2 249.7 
276 06:19.97 280.0 0.0 205.6 248.6 
276 06:20.47 283.6 0.0 214.0 260.5 
276 06:29.05 0.0 0.0 198.1 235.5 
276 06:29.55 0.0 0.0 198.6 236.0 
276 06:30.05 0.0 0.0 198.7 236.7 
276 06:30.55 0.0 0.0 198.3 235.7 
276 06:31.05 0.0 0.0 198.9 236.4 
276 06:31.55 0.0 0.0 199.1 236.8 
276 06:32.05 0.0 0.0 199.1 236.6 
276 06:32.55 0.0 0.0 199.0 236.1 
276 06:33.05 0.0 0.0 199.1 235.8 
276 06:33.55 0.0 0.0 199.5 236.0 
276 06:34.05 0.0 0.0 199.3 236.1 
276 06:34.55 0.0 0.0 198.9 235.7 
276 06:35.05 0.0 0.0 199.6 236.6 
276 06:35.65 0.0 0.0 200.1 237.6 
276 06:36.15 0.0 0.0 200.3 237.8 
276 06:36.65 0.0 0.0 201.6 239.6 
276 06:37.15 0.0 0.0 202.5 240.2 
276 06:37.65 0.0 0.0 203.1 239.9 
276 06:38.15 0.0 0.0 203.5 240.0 
276 06:38.65 0.0 0.0 203.9 240.6 
276 06:39.15 0.0 0.0 204.1 240.3 
276 06:39.65 0.0 0.0 204.3 240.1 
276 06:40.15 0.0 0.0 204.4 240.4 
276 06:40.65 0.0 0.0 204.5 241.3 
276 06:41.15 0.0 0.0 204.8 241.6 
276 06:41.65 0.0 0.0 205.3 242.1 
276 06:42.15 0.0 0.0 205.5 242.1 
276 06:42.65 0.0 0.0 205.2 241.1 
276 06:43.15 0.0 0.0 206.0 241.5 
276 06:43.65 0.0 0.0 206.2 241.4 
276 06:44.15 0.0 0.0 206.5 241.6 
276 06:44.65 0.0 0.0 206.7 242.8 
276 06:45.15 0.0 0.0 206.7 243.6 
276 06:45.65 0.0 0.0 207.2 242.7 
276 06:46.15 0.0 0.0 207.4 242.7 
276 06:46.65 0.0 0.0 207.5 243.6 
276 06:47.15 0.0 0.0 208.1 244.2 
276 06:47.65 0.0 0.0 208.2 244.4 
276 06:48.15 0.0 0.0 208.5 245.2 
276 06:48.65 0.0 0.0 208.7 245.5 
276 06:49.15 0.0 0.0 209.2 245.2 
276 06:49.65 0.0 0.0 209.2 246.3 
276 06:50.15 0.0 0.0 212.4 250.6 
276 06:59.12 0.0 0.0 183.8 231.0 
276 06:59.62 0.0 0.0 183.7 230.9 
276 07:00.12 0.0 0.0 183.7 230.5 
276 07:00.62 0.0 0.0 183.8 230.7 
276 07:01.12 0.0 0.0 184.0 232.0 
276 07:01.62 0.0 0.0 184.0 230.9 
276 07:02.12 0.0 0.0 184.4 230.7 
276 07:02.62 0.0 0.0 184.2 231.1 
276 07:03.12 0.0 0.0 184.1 232.0 
276 07:03.62 0.0 0.0 185.0 232.8 
276 07:04.12 0.0 0.0 184.3 231.6 
276 07:04.62 0.0 0.0 184.5 231.9 
276 07:05.12 0.0 0.0 184.5 231.4 
276 07:06.95 0.0 0.0 231.7 277.0 
276 07:07.45 0.0 0.0 232.2 277.5 
276 07:07.95 0.0 0.0 232.5 278.0 
276 07:08.45 0.0 0.0 232.8 278.1 
276 07:08.95 0.0 0.0 233.7 278.9 
276 07:09.45 0.0 0.0 233.9 278.9 
276 07:09.95 0.0 0.0 234.2 279.4 
276 07:10.45 0.0 0.0 234.8 279.4 
276 07:10.95 0.0 0.0 235.0 279.9 
276 07:11.45 0.0 0.0 235.2 280.3 
276 07:11.95 0.0 0.0 235.6 281.4 
276 07:12.45 0.0 0.0 235.9 282.4 
276 07:12.95 0.0 0.0 236.4 282.7 
276 07:13.45 0.0 0.0 237.1 283.1 
276 07:13.95 0.0 0.0 237.6 282.4 
276 07:14.45 0.0 0.0 237.9 283.1 
276 07:14.95 0.0 0.0 238.3 283.7 
276 07:15.45 0.0 0.0 238.8 283.8 
276 07:15.95 0.0 0.0 239.0 284.6 
276 07:16.45 0.0 0.0 239.2 284.4 
276 07:16.95 0.0 0.0 240.0 284.8 
276 07:17.45 0.0 0.0 240.3 284.0 
276 07:17.95 0.0 0.0 241.0 284.1 
276 07:18.45 0.0 0.0 241.5 284.7 
276 07:18.95 0.0 0.0 242.0 285.5 
276 07:19.45 0.0 0.0 242.3 285.5 
276 07:19.95 0.0 0.0 243.5 287.2 
276 07:20.45 0.0 0.0 244.7 287.9 
276 07:20.82 0.0 0.0 246.2 287.9 
276 07:21.32 0.0 0.0 245.3 289.5 
276 07:21.82 0.0 0.0 245.7 289.9 
276 07:22.32 0.0 0.0 246.2 290.7 
276 07:22.82 0.0 0.0 246.7 292.2 
276 07:23.32 0.0 0.0 246.5 291.9 
276 07:23.82 0.0 0.0 246.9 292.4 
276 07:24.32 0.0 0.0 247.6 292.5 
276 07:24.82 0.0 0.0 248.1 293.6 
276 07:25.32 0.0 0.0 248.4 293.2 
276 07:25.82 0.0 0.0 248.5 293.5 
276 07:26.32 0.0 0.0 248.3 292.5 
276 07:26.82 0.0 0.0 248.7 292.9 
276 07:27.32 0.0 0.0 249.2 293.6 
276 07:27.82 0.0 0.0 249.7 294.3 
276 07:28.32 0.0 0.0 250.4 295.9 
276 07:28.82 0.0 0.0 251.1 296.2 
276 07:29.32 0.0 0.0 251.1 295.0 
276 07:29.82 0.0 0.0 251.2 295.4 
276 07:30.32 0.0 0.0 251.4 295.7 
276 07:30.82 0.0 0.0 251.4 295.4 
276 07:31.32 0.0 0.0 251.9 295.5 
276 07:31.82 0.0 0.0 252.3 296.6 
276 07:32.32 0.0 0.0 253.0 298.7 
276 07:32.82 0.0 0.0 253.1 298.5 
276 07:33.32 0.0 0.0 253.1 298.0 
276 07:33.82 0.0 0.0 253.2 298.5 
276 07:34.32 0.0 0.0 253.8 298.9 
276 07:34.82 0.0 0.0 254.3 298.7 
276 07:35.32 0.0 0.0 6191.5 7542.3 
/
