GAIN BR ALTAZ DPFU=0.027,0.026 POLY=0.357,2.883E-02,-3.229E-04 /
TSYS BR timeoff=0.0 FT=1.0 INDEX='R1:2','L1:2','R3:4','L3:4','R5:6','L5:6','R7:8','L7:8' /
113 15:15.275 105.53 161.06 104.31 148.17 105.72 136.63 107.06 140.63 
113 15:15.825 105.54 161.02 104.27 147.99 105.57 136.37 107.20 140.44 
113 15:16.375 105.15 160.68 104.12 147.91 105.44 136.11 107.14 140.41 
113 15:16.925 104.91 160.35 103.95 147.95 105.36 136.03 107.00 140.18 
113 15:17.475 104.94 160.38 103.88 147.84 105.23 135.89 106.71 139.83 
113 15:18.025 104.84 160.37 103.82 147.77 105.20 135.55 106.60 139.65 
113 15:18.575 104.83 160.00 103.73 147.59 105.19 135.39 106.44 139.47 
113 15:19.125 104.48 159.86 103.41 147.51 105.09 135.38 106.40 139.50 
113 15:19.675 104.45 159.80 103.42 147.46 105.05 135.33 106.15 139.40 
113 15:20.225 106.96 160.43 104.88 147.72 106.93 134.98 107.52 137.01 
113 16:15.283 145.18 217.25 149.99 205.24 151.70 190.26 153.91 195.58 
113 16:15.817 144.51 217.26 149.25 204.56 151.14 190.06 153.56 195.63 
113 16:16.358 144.21 217.02 149.10 204.23 150.42 189.51 153.24 194.77 
113 16:16.908 143.93 216.12 148.70 203.79 150.03 189.12 152.84 194.11 
113 16:17.458 143.75 215.75 148.47 203.19 149.79 188.59 152.46 193.77 
113 16:18.000 143.48 215.45 147.91 202.63 149.25 188.35 152.28 193.61 
113 16:18.542 143.36 215.12 147.89 202.32 148.99 187.89 151.98 193.13 
113 16:19.092 142.88 214.26 147.55 202.24 148.96 187.42 151.32 192.48 
113 16:19.642 142.88 214.02 147.20 201.71 148.51 186.83 150.97 192.13 
113 16:20.183 142.25 213.31 146.59 201.30 148.19 186.26 150.56 191.88 
113 16:20.717 141.37 212.27 145.87 200.36 147.35 185.36 149.69 191.20 
113 16:30.275 136.66 205.66 140.67 193.50 142.26 179.16 144.48 184.17 
113 16:30.817 136.18 205.63 140.08 193.12 141.57 178.93 143.91 184.36 
113 16:31.358 136.01 204.96 139.85 192.93 141.49 178.48 143.36 183.52 
113 16:31.908 135.89 204.80 139.91 192.40 141.05 178.15 143.42 182.91 
113 16:32.458 135.39 204.01 139.49 192.16 141.22 177.91 143.01 182.55 
113 16:33.000 135.21 203.74 139.32 192.02 140.71 177.61 142.78 182.10 
113 16:33.542 134.99 203.55 138.89 191.31 140.36 177.09 142.31 181.87 
113 16:34.092 134.61 203.29 138.40 190.83 139.69 176.91 142.21 181.55 
113 16:34.642 134.47 203.13 138.21 190.54 139.52 177.04 142.08 181.00 
113 16:35.183 134.35 202.58 138.05 190.14 139.29 176.53 141.92 180.57 
113 16:35.717 133.63 201.66 137.80 189.64 139.35 175.94 141.22 179.96 
113 16:45.275 129.51 195.85 132.98 184.00 134.64 170.42 136.40 174.31 
113 16:45.817 129.38 195.71 132.61 183.62 134.08 170.27 136.09 174.08 
113 16:46.358 129.01 195.10 132.63 183.31 134.23 170.02 136.14 173.32 
113 16:46.908 128.75 194.78 132.20 183.04 133.91 169.71 135.42 173.42 
113 16:47.458 128.59 194.55 132.19 182.90 133.48 169.56 135.46 173.05 
113 16:48.000 128.54 194.31 132.04 182.46 133.39 169.02 135.13 172.57 
113 16:48.542 128.07 193.89 131.81 182.27 133.05 168.40 134.79 172.65 
113 16:49.092 128.23 193.85 131.59 182.05 132.62 168.01 134.49 172.36 
113 16:49.642 127.75 193.35 131.42 181.89 132.69 167.89 134.12 171.51 
113 16:50.183 127.72 193.03 131.14 181.62 132.55 167.44 134.22 171.61 
113 16:50.717 127.16 192.33 130.32 180.61 131.77 167.32 133.45 170.98 
113 17:01.275 123.86 999.00 126.94 999.00 129.39 999.00 130.07 999.00 
113 17:01.817 123.71 999.00 126.72 999.00 129.36 999.00 129.85 999.00 
113 17:02.358 123.52 999.00 126.58 999.00 129.05 999.00 130.09 999.00 
113 17:02.908 123.54 999.00 126.44 999.00 128.97 999.00 129.90 999.00 
113 17:03.458 123.58 999.00 126.37 999.00 128.49 999.00 129.70 999.00 
113 17:04.000 123.52 999.00 126.28 999.00 128.32 999.00 129.62 999.00 
113 17:04.542 123.57 999.00 126.05 999.00 127.90 999.00 129.11 999.00 
113 17:05.092 123.39 999.00 126.17 999.00 128.00 999.00 129.13 999.00 
113 17:05.642 122.97 185.84 125.89 175.23 128.09 162.09 128.73 164.99 
113 17:06.183 122.67 185.67 125.74 175.31 128.04 161.55 128.72 164.87 
113 17:06.717 122.04 185.04 124.96 174.47 127.07 160.95 127.94 164.14 
113 17:15.275 120.69 182.36 123.71 172.10 125.61 159.53 126.38 161.53 
113 17:15.817 120.48 182.01 123.51 171.76 125.62 159.35 126.18 161.61 
113 17:16.358 120.24 181.84 123.39 171.60 125.52 159.05 126.03 161.06 
113 17:16.908 120.15 181.80 123.10 171.42 125.09 158.71 125.93 161.33 
113 17:17.458 120.00 181.83 122.96 170.86 124.60 158.25 125.45 161.15 
113 17:18.000 119.66 180.97 122.78 170.72 124.58 158.14 125.45 160.43 
113 17:18.542 119.68 181.00 122.54 170.79 124.58 158.17 125.43 160.44 
113 17:19.092 119.65 180.80 122.54 170.35 124.31 157.77 125.16 160.33 
113 17:19.642 119.44 180.79 122.26 170.12 124.10 157.04 124.57 159.86 
113 17:20.183 119.34 180.55 122.42 170.43 124.16 156.97 124.60 159.83 
113 17:20.717 118.47 179.29 121.56 169.31 123.55 156.55 124.11 159.15 
113 17:30.275 97.74 151.80 98.17 140.76 99.76 129.25 99.96 131.49 
113 17:30.817 97.68 151.64 98.16 140.73 99.75 129.20 99.91 131.30 
113 17:31.358 97.72 151.53 98.11 140.53 99.72 129.06 100.05 131.50 
113 17:31.908 97.60 151.43 98.17 140.53 99.61 129.04 99.93 131.33 
113 17:32.458 97.64 151.52 98.03 140.50 99.63 128.88 99.83 131.50 
113 17:33.000 97.45 151.38 97.96 140.46 99.48 128.88 99.71 131.42 
113 17:33.542 97.38 151.24 97.94 140.36 99.48 128.75 99.75 131.51 
113 17:34.092 97.43 151.33 97.99 140.41 99.40 128.72 99.58 131.28 
113 17:34.642 97.34 151.18 97.84 140.30 99.36 128.71 99.50 131.24 
113 17:35.183 97.40 151.31 97.80 140.21 99.24 128.62 99.40 131.36 
113 17:35.725 99.67 151.28 99.46 140.30 101.36 127.97 100.90 129.66 
113 17:45.283 113.82 172.68 116.18 162.81 118.53 151.28 119.17 152.71 
113 17:45.817 113.76 172.62 116.25 162.74 118.51 150.58 119.15 152.29 
113 17:46.358 113.68 172.77 116.01 162.58 118.28 150.47 118.86 152.19 
113 17:46.908 113.82 172.45 116.07 162.36 118.26 150.27 118.87 152.07 
113 17:47.458 113.55 172.60 115.83 162.36 118.16 150.35 118.82 151.98 
113 17:48.000 113.43 172.42 115.77 162.25 117.99 150.14 118.75 152.03 
113 17:48.542 113.39 172.03 115.59 162.06 117.88 150.06 118.39 151.63 
113 17:49.092 113.43 171.89 115.65 162.16 117.87 150.02 118.49 151.44 
113 17:49.642 113.29 172.00 115.60 161.92 117.93 149.95 118.42 151.62 
113 17:50.183 113.16 172.00 115.37 161.74 117.69 149.78 118.18 151.42 
113 17:50.725 116.05 172.24 118.15 162.01 120.20 149.31 119.90 150.13 
113 18:00.275 111.76 169.82 113.97 159.66 116.18 148.04 116.80 149.02 
113 18:00.817 111.89 169.72 114.03 159.52 116.13 147.80 116.89 149.10 
113 18:01.358 111.65 169.73 113.89 159.50 116.06 147.70 116.47 149.00 
113 18:01.908 111.46 169.43 113.71 159.39 116.01 147.62 116.76 148.98 
113 18:02.458 111.27 169.31 113.60 159.28 115.92 147.55 116.44 149.06 
113 18:03.000 111.37 169.17 113.45 159.18 115.86 147.54 116.32 148.92 
113 18:03.542 111.20 168.91 113.33 159.01 115.82 147.39 116.28 148.71 
113 18:04.092 110.95 168.96 113.30 159.05 115.71 147.48 116.25 148.90 
113 18:04.642 111.26 169.06 113.55 158.95 115.74 147.31 116.27 148.87 
113 18:05.183 111.05 169.09 113.22 158.99 115.61 147.26 116.12 148.95 
113 18:05.717 110.77 168.78 112.89 158.59 114.94 146.76 115.47 148.65 
113 18:15.275 109.78 166.90 111.93 157.57 114.71 145.55 114.60 147.34 
113 18:15.817 109.91 167.24 112.09 157.49 114.58 145.38 114.48 147.33 
113 18:16.358 109.94 167.17 112.04 157.35 114.41 145.64 114.35 147.32 
113 18:16.908 109.88 167.16 111.87 157.23 114.52 145.88 114.65 147.12 
113 18:17.458 109.59 167.12 111.69 157.15 114.38 146.00 114.61 146.90 
113 18:18.000 109.74 167.19 111.72 157.11 114.27 145.62 114.55 146.96 
113 18:18.542 109.61 166.86 111.72 157.01 114.00 145.42 114.53 146.62 
113 18:19.092 109.55 166.90 111.64 157.11 114.10 145.49 114.40 146.63 
113 18:19.642 109.48 166.70 111.72 156.99 114.27 145.26 114.38 146.75 
113 18:20.183 109.44 166.79 111.76 157.23 114.31 145.42 114.43 146.63 
113 18:20.717 108.89 166.03 111.12 156.53 113.80 144.93 113.94 146.04 
113 18:30.283 119.03 999.00 122.16 999.00 125.72 999.00 125.98 999.00 
113 18:30.817 118.80 179.50 121.96 170.20 125.51 158.99 126.20 159.90 
113 18:31.358 118.93 179.37 122.06 170.03 125.46 158.73 126.17 159.77 
113 18:31.908 118.77 179.34 122.00 169.96 125.40 158.61 126.01 159.49 
113 18:32.458 118.95 179.22 121.93 169.69 125.06 158.20 125.75 159.07 
113 18:33.000 118.74 178.97 121.67 169.53 125.14 158.16 125.87 158.98 
113 18:33.542 118.50 178.59 121.64 169.36 124.94 158.00 125.77 158.47 
113 18:34.092 118.37 178.58 121.41 169.33 124.82 157.80 125.43 158.22 
113 18:34.642 118.24 178.24 121.38 169.37 125.05 157.60 125.24 158.46 
113 18:35.183 117.97 177.94 121.13 169.20 124.72 157.31 125.03 158.35 
113 18:35.717 117.73 177.63 120.93 168.72 124.52 156.96 124.73 158.13 
113 18:45.275 108.16 164.60 110.21 155.12 113.10 144.28 113.46 144.70 
113 18:45.817 108.22 164.61 110.20 155.09 113.27 144.30 113.60 144.85 
113 18:46.358 108.22 164.64 110.26 155.18 113.28 144.40 113.76 144.76 
113 18:46.908 108.52 164.93 110.38 155.29 113.20 144.51 113.63 144.78 
113 18:47.458 108.39 164.97 110.40 155.32 113.24 144.39 113.72 144.84 
113 18:48.000 108.46 164.92 110.47 155.18 113.06 144.15 113.59 144.82 
113 18:48.542 108.19 164.57 110.27 154.97 112.90 144.11 113.56 144.41 
113 18:49.092 107.95 164.26 110.02 154.76 112.81 143.86 113.38 144.28 
113 18:49.642 108.00 164.16 109.87 154.71 112.82 143.72 113.41 144.16 
113 18:50.183 107.96 164.33 109.99 154.79 112.84 143.86 113.53 144.30 
113 18:50.717 107.75 163.94 109.79 154.61 112.41 143.36 112.81 143.82 
113 19:00.275 107.26 163.42 109.33 154.46 112.43 143.10 112.82 143.65 
113 19:00.817 107.32 163.50 109.31 154.21 112.50 143.27 112.82 143.72 
113 19:01.358 107.29 163.62 109.31 154.21 112.58 143.59 113.04 144.12 
113 19:01.908 107.41 163.73 109.40 154.22 112.61 143.61 113.00 143.93 
113 19:02.458 107.45 163.76 109.36 154.13 112.50 143.51 112.83 144.18 
113 19:03.000 107.35 163.57 109.37 154.11 112.46 143.49 113.15 144.18 
113 19:03.542 107.39 163.57 109.26 154.21 112.57 143.63 113.08 143.91 
113 19:04.092 107.34 163.38 109.20 154.02 112.46 143.37 112.99 143.75 
113 19:04.642 107.52 163.51 109.36 154.04 112.52 143.43 112.88 143.94 
113 19:05.183 107.28 163.59 109.22 154.14 112.54 143.46 113.06 144.03 
113 19:05.725 109.66 163.71 110.81 154.02 114.21 141.65 114.29 141.09 
113 19:15.283 106.87 162.88 108.85 153.62 112.09 143.00 112.77 143.41 
113 19:15.833 106.77 162.78 108.82 153.73 112.25 142.94 112.81 143.46 
113 19:16.392 106.66 162.70 108.63 153.69 112.17 142.85 112.78 143.41 
113 19:16.942 106.74 162.68 108.52 153.37 111.90 142.73 112.48 143.39 
113 19:17.500 106.64 162.48 108.43 153.19 111.72 142.81 112.29 143.35 
113 19:18.058 106.55 162.37 108.42 153.14 111.74 142.77 112.43 143.38 
113 19:18.608 106.37 162.24 108.19 152.90 111.56 142.55 112.21 143.28 
113 19:19.167 106.23 161.98 108.01 152.75 111.49 142.42 112.03 142.98 
113 19:19.717 105.80 161.45 107.52 152.29 110.93 141.80 111.53 142.46 
113 19:30.275 99.15 999.00 100.16 999.00 102.82 999.00 103.01 999.00 
113 19:30.817 98.94 152.70 99.92 143.11 102.93 132.54 103.13 133.74 
113 19:31.358 99.02 152.70 100.01 143.05 102.94 132.69 103.28 133.51 
113 19:31.908 99.16 152.74 100.16 142.95 102.90 132.53 103.28 133.34 
113 19:32.458 99.12 152.56 100.03 143.06 102.89 132.55 103.33 133.43 
113 19:33.000 98.89 152.55 99.92 142.85 102.71 132.31 102.95 133.25 
113 19:33.542 98.94 152.48 100.01 142.74 102.72 132.29 102.88 133.13 
113 19:34.092 98.77 152.44 99.81 142.78 102.63 132.25 102.81 132.99 
113 19:34.642 98.90 152.45 99.81 142.76 102.61 132.18 102.86 133.03 
113 19:35.183 98.93 152.44 100.02 142.76 102.50 132.20 102.72 132.86 
113 19:35.717 98.65 152.18 99.65 142.61 102.36 131.92 102.58 132.72 
113 19:45.275 105.12 999.00 106.75 999.00 109.65 999.00 110.01 999.00 
113 19:45.833 105.13 160.71 106.71 151.14 109.72 140.17 110.15 140.72 
113 19:46.392 105.03 160.58 106.81 151.09 109.96 140.59 110.41 141.09 
113 19:46.942 105.10 160.53 106.81 151.36 110.25 140.87 110.83 141.38 
113 19:47.500 105.17 160.55 106.78 151.35 110.13 140.81 110.81 141.14 
113 19:48.058 104.89 160.42 106.61 151.19 110.11 140.91 110.92 140.85 
113 19:48.608 104.92 160.29 106.61 151.04 110.04 140.73 110.87 140.96 
113 19:49.167 104.79 160.05 106.41 150.85 109.82 140.57 110.72 140.94 
113 19:49.717 104.26 159.70 105.85 150.44 109.51 140.28 110.50 140.95 
113 20:01.283 103.75 158.92 105.42 149.71 108.56 138.57 108.92 139.27 
113 20:01.817 103.75 159.02 105.36 149.76 108.58 138.83 108.94 139.56 
113 20:02.358 103.83 158.96 105.45 149.79 108.99 139.19 109.47 139.65 
113 20:02.908 103.91 159.06 105.42 149.67 108.96 139.40 109.64 139.93 
113 20:03.458 103.90 158.99 105.25 149.56 108.96 139.58 109.79 140.00 
113 20:04.000 103.92 159.29 105.34 149.74 108.62 139.25 109.21 139.43 
113 20:04.542 104.01 159.39 105.46 149.66 108.61 139.10 109.38 139.45 
113 20:05.092 104.02 159.31 105.55 149.63 108.69 139.20 109.53 139.65 
113 20:05.642 103.83 159.06 105.37 149.68 108.57 139.12 109.14 139.43 
113 20:06.183 103.62 158.85 105.24 149.75 108.70 139.16 109.47 139.67 
113 20:06.725 105.45 158.95 106.43 149.82 110.56 138.06 111.14 137.47 
113 20:15.275 103.44 158.63 104.82 149.54 108.55 139.64 109.82 140.28 
113 20:15.833 103.51 158.82 104.82 149.37 108.53 139.33 109.46 139.61 
113 20:16.392 103.39 158.77 104.76 149.23 108.43 139.21 109.34 139.70 
113 20:16.942 103.31 158.56 104.76 149.12 108.37 139.21 109.45 139.48 
113 20:17.500 103.21 158.15 104.49 148.92 108.13 138.85 109.29 139.30 
113 20:18.058 102.99 157.96 104.42 148.85 108.15 138.90 109.42 139.19 
113 20:18.608 102.79 157.61 104.35 148.87 108.09 138.67 109.19 138.98 
113 20:19.167 102.61 157.60 104.16 148.80 107.85 138.42 108.93 138.77 
113 20:19.717 102.46 157.25 103.84 148.33 107.46 137.85 108.15 138.49 
113 20:30.275 99.56 999.00 100.45 999.00 103.63 999.00 104.20 999.00 
113 20:30.817 99.55 154.28 100.51 143.56 103.74 133.55 104.57 134.36 
113 20:31.358 99.53 153.58 100.59 144.07 103.79 133.76 104.39 134.24 
113 20:31.908 99.49 153.43 100.58 144.04 103.79 133.85 104.68 134.46 
113 20:32.458 99.35 153.27 100.42 144.09 103.98 134.11 105.08 134.64 
113 20:33.000 99.36 153.36 100.46 144.18 104.01 133.83 104.83 134.54 
113 20:33.542 99.33 153.51 100.40 144.13 103.89 133.84 104.41 134.39 
113 20:34.092 99.38 153.38 100.47 143.97 103.86 133.86 104.47 134.40 
113 20:34.642 99.40 153.36 100.38 143.87 103.89 134.02 104.68 134.54 
113 20:35.183 99.62 153.53 100.58 144.05 104.06 134.03 104.74 134.57 
113 20:35.717 99.26 153.09 100.17 143.63 103.55 133.78 104.18 134.14 
113 20:45.283 103.38 999.00 104.98 999.00 108.33 999.00 109.31 999.00 
113 20:45.817 103.37 999.00 105.04 999.00 108.63 999.00 109.58 999.00 
113 20:46.358 103.61 158.78 105.19 149.76 108.81 139.39 109.46 139.69 
113 20:46.908 103.39 158.42 104.84 149.61 108.83 139.96 110.43 140.29 
113 20:47.458 103.00 157.98 104.62 149.32 108.75 140.41 111.18 141.42 
113 20:48.000 103.45 158.42 104.91 149.65 108.90 140.07 110.51 140.90 
113 20:48.542 103.57 158.44 104.98 149.44 108.91 139.87 110.44 140.39 
113 20:49.092 103.59 158.57 104.97 149.52 108.76 139.47 109.84 139.95 
113 20:49.642 103.59 158.64 104.98 149.46 108.85 139.63 110.01 140.24 
113 20:50.183 103.48 158.43 104.90 149.38 108.62 139.54 109.93 140.09 
113 20:50.725 105.61 158.64 106.31 149.24 110.46 137.64 111.01 136.70 
113 21:00.283 104.09 999.00 105.68 999.00 109.46 999.00 110.59 999.00 
113 21:00.817 104.06 999.00 105.64 999.00 109.30 999.00 110.39 999.00 
113 21:01.358 104.22 159.39 105.79 150.33 109.41 140.17 110.37 140.57 
113 21:01.908 104.23 159.26 105.71 150.35 109.56 140.54 110.70 140.81 
113 21:02.458 104.21 159.47 105.87 150.50 109.62 140.39 110.43 141.27 
113 21:03.000 104.27 159.52 105.81 150.46 109.51 140.08 110.31 141.09 
113 21:03.542 104.13 159.43 105.79 150.48 109.54 140.17 110.38 140.78 
113 21:04.092 104.40 159.72 105.93 150.35 109.39 140.13 110.19 140.60 
113 21:04.642 104.16 159.37 105.63 150.33 109.33 140.14 110.37 140.77 
113 21:05.183 104.25 159.68 105.78 150.21 109.32 140.18 110.19 140.70 
113 21:05.717 104.04 159.19 105.44 149.85 108.73 139.49 109.39 140.20 
113 21:15.275 105.00 999.00 106.62 999.00 109.98 999.00 110.75 999.00 
113 21:15.817 105.09 999.00 106.76 999.00 109.85 999.00 110.62 999.00 
113 21:16.358 105.10 160.77 106.79 151.36 109.83 140.59 110.44 141.19 
113 21:16.908 105.17 160.82 106.83 151.33 109.88 140.67 110.46 140.97 
113 21:17.458 105.22 160.68 106.81 151.30 109.95 140.78 110.75 141.42 
113 21:18.000 105.32 160.92 106.97 151.40 110.18 140.99 110.92 141.80 
113 21:18.542 105.40 161.01 106.97 151.51 110.24 141.16 111.16 141.87 
113 21:19.092 105.48 161.08 107.12 151.64 110.28 141.12 110.94 141.91 
113 21:19.642 105.57 161.19 107.03 151.73 110.26 141.00 110.92 141.87 
113 21:20.183 105.54 161.25 107.16 151.74 110.40 141.31 111.08 142.01 
113 21:20.717 105.22 160.70 106.82 151.29 109.84 140.79 110.78 141.44 
113 21:30.283 100.51 999.00 101.50 999.00 104.58 999.00 105.31 999.00 
113 21:30.817 100.66 999.00 101.65 999.00 104.72 999.00 105.44 999.00 
113 21:31.358 100.60 154.69 101.66 145.29 104.86 134.85 105.65 135.41 
113 21:31.908 100.61 154.71 101.68 145.26 104.87 134.99 105.59 135.47 
113 21:32.458 100.61 154.69 101.61 145.32 104.91 135.07 105.84 135.34 
113 21:33.000 100.54 154.74 101.61 145.11 104.84 134.97 105.70 135.53 
113 21:33.542 100.68 154.68 101.71 145.19 104.88 134.94 105.76 135.41 
113 21:34.092 100.56 154.69 101.62 145.27 104.96 135.04 105.79 135.59 
113 21:34.642 100.50 154.55 101.53 145.27 104.92 135.01 105.90 135.75 
113 21:35.183 100.42 154.40 101.52 145.21 104.89 135.06 105.96 135.68 
113 21:35.725 102.83 155.12 103.14 145.64 107.14 134.25 107.57 133.41 
113 21:45.275 107.74 999.00 109.57 999.00 113.39 999.00 114.51 999.00 
113 21:45.817 107.71 999.00 109.66 999.00 113.48 999.00 114.66 999.00 
113 21:46.358 107.99 164.49 109.82 155.33 113.67 145.01 114.56 145.53 
113 21:46.908 108.02 164.54 109.84 155.47 113.70 145.28 114.71 145.67 
113 21:47.458 107.89 164.81 110.07 155.89 114.03 145.51 114.93 145.57 
113 21:48.000 108.06 164.95 110.15 156.08 114.18 145.59 115.17 146.03 
113 21:48.542 107.98 164.93 110.06 156.23 114.27 145.80 115.41 146.19 
113 21:49.092 108.18 164.81 110.14 156.16 114.32 145.96 115.64 146.29 
113 21:49.642 108.26 164.81 110.20 155.99 114.38 146.21 115.73 146.38 
113 21:50.183 108.25 165.01 110.10 155.84 114.31 146.02 115.55 146.36 
113 21:50.717 108.17 164.57 109.87 155.51 113.92 145.65 115.26 146.25 
113 22:00.275 108.60 165.28 110.83 156.83 115.08 147.15 116.93 147.75 
113 22:00.817 108.57 165.09 110.81 156.90 115.04 147.36 117.24 147.61 
113 22:01.358 108.47 165.17 110.62 156.97 114.86 147.28 117.08 147.53 
113 22:01.908 108.74 165.42 110.85 157.16 115.12 147.09 116.73 147.53 
113 22:02.458 108.67 165.71 110.77 156.99 115.12 147.04 116.42 147.86 
113 22:03.000 109.09 166.21 111.19 157.38 115.40 147.35 116.62 148.28 
113 22:03.542 109.54 166.51 111.48 157.47 115.72 147.53 117.03 148.03 
113 22:04.092 109.74 166.32 111.72 157.40 115.78 147.45 117.01 147.97 
113 22:04.642 109.70 166.56 111.60 157.44 115.71 147.51 116.99 148.13 
113 22:05.183 110.08 166.65 111.84 157.68 115.89 147.52 117.21 148.37 
113 22:05.717 109.62 166.09 111.41 157.12 115.19 147.34 116.92 148.00 
113 22:15.283 111.57 168.82 113.73 159.99 118.12 150.34 119.81 151.37 
113 22:15.833 111.71 169.13 113.99 160.42 118.32 150.65 119.95 151.37 
113 22:16.392 111.86 169.27 114.13 160.68 118.53 150.90 120.53 151.65 
113 22:16.942 112.04 169.41 114.35 161.00 118.84 151.25 120.74 152.06 
113 22:17.500 112.07 169.42 114.39 161.02 118.82 151.49 120.91 152.04 
113 22:18.058 111.78 169.39 114.39 161.26 118.83 151.37 120.98 151.92 
113 22:18.608 111.86 169.31 114.43 161.41 118.96 151.38 120.77 151.65 
113 22:19.167 112.02 169.79 114.57 161.39 119.10 151.52 120.73 151.99 
113 22:19.717 111.93 169.46 114.35 161.11 118.89 151.60 120.91 152.32 
113 22:30.275 103.36 999.00 104.64 999.00 108.40 999.00 109.39 999.00 
113 22:30.817 103.47 999.00 104.83 999.00 108.37 999.00 109.59 999.00 
113 22:31.358 103.48 158.12 104.88 148.91 108.39 138.89 109.72 139.86 
113 22:31.908 103.44 157.87 104.86 149.00 108.46 138.89 109.65 139.53 
113 22:32.458 103.44 157.93 104.94 149.19 108.57 138.69 109.49 139.57 
113 22:33.000 103.50 157.99 104.90 148.97 108.61 139.01 109.55 139.80 
113 22:33.542 103.62 158.24 104.97 149.09 108.65 139.27 109.72 139.70 
113 22:34.092 103.66 158.50 105.08 149.28 108.73 139.45 109.68 139.84 
113 22:34.642 103.80 158.36 105.12 149.36 108.91 139.40 109.84 140.26 
113 22:35.183 103.79 158.47 105.10 149.40 108.87 139.57 110.02 140.25 
113 22:35.717 103.56 158.05 104.87 149.13 108.48 139.27 109.66 139.85 
113 22:45.275 117.54 999.00 120.41 999.00 125.06 999.00 126.99 999.00 
113 22:45.817 117.51 999.00 120.33 999.00 124.95 999.00 127.20 999.00 
113 22:46.358 117.43 176.76 120.31 168.24 125.13 158.61 127.20 159.26 
113 22:46.908 117.44 176.51 120.23 168.36 125.19 158.77 127.18 159.10 
113 22:47.458 117.32 176.50 120.31 168.51 125.42 158.70 127.25 159.36 
113 22:48.000 117.35 176.54 120.21 168.45 125.27 158.64 127.05 159.40 
113 22:48.542 117.37 176.62 120.32 168.28 125.21 158.69 127.06 159.41 
113 22:49.092 117.58 176.80 120.37 168.40 125.30 158.69 127.02 159.05 
113 22:49.642 117.48 176.90 120.35 168.78 125.35 158.71 126.95 159.33 
113 22:50.183 117.74 177.04 120.56 168.81 125.68 159.14 127.52 159.79 
113 22:50.717 117.61 176.86 120.18 168.47 124.90 158.91 127.03 159.50 
113 23:00.283 119.38 999.00 122.57 999.00 127.83 999.00 130.20 999.00 
113 23:00.817 119.55 999.00 122.79 999.00 128.23 999.00 130.62 999.00 
113 23:01.358 119.84 180.22 123.13 172.27 128.41 162.72 131.03 163.25 
113 23:01.908 119.98 180.22 123.34 172.52 128.48 162.89 130.94 163.28 
113 23:02.458 120.30 180.79 123.62 172.88 128.90 163.04 131.08 163.74 
113 23:03.000 120.55 181.01 123.76 173.28 129.11 163.43 131.27 164.00 
113 23:03.542 120.63 181.08 123.98 173.30 129.26 163.38 131.09 164.09 
113 23:04.092 120.71 181.33 124.10 173.42 129.28 163.42 131.12 164.09 
113 23:04.642 121.06 181.74 124.39 173.61 129.34 163.45 131.10 163.71 
113 23:05.183 120.97 181.90 124.37 173.93 129.51 163.61 131.12 163.73 
113 23:05.725 123.77 183.59 126.25 174.77 131.79 163.18 132.77 161.68 
113 23:15.275 122.88 184.37 126.54 175.99 131.45 166.23 133.63 166.88 
113 23:15.817 122.69 183.91 126.60 176.18 131.49 166.33 133.63 166.99 
113 23:16.358 122.76 184.17 126.77 176.14 131.75 166.27 133.87 167.16 
113 23:16.908 122.83 184.36 126.78 176.52 131.87 166.74 133.97 167.45 
113 23:17.458 123.05 184.67 126.99 176.96 132.38 166.86 134.30 167.71 
113 23:18.000 123.17 184.89 127.22 177.34 132.39 167.24 134.38 167.88 
113 23:18.542 123.33 185.20 127.36 177.38 132.55 167.43 134.62 168.50 
113 23:19.092 123.60 185.62 127.64 177.75 132.86 167.79 134.91 169.03 
113 23:19.642 124.00 186.09 127.87 177.73 132.90 168.10 134.83 169.33 
113 23:20.183 124.20 186.39 128.14 178.02 133.17 168.22 135.07 169.02 
113 23:20.717 124.49 186.33 128.33 177.77 133.08 168.00 135.29 168.66 
113 23:30.275 106.38 999.00 107.93 999.00 111.85 999.00 113.03 999.00 
113 23:30.817 106.57 999.00 108.24 999.00 112.22 999.00 113.13 999.00 
113 23:31.358 106.59 999.00 108.29 999.00 112.21 999.00 113.25 999.00 
113 23:31.908 106.64 162.61 108.36 153.59 112.16 143.59 113.26 144.28 
113 23:32.458 106.97 162.87 108.67 153.64 112.32 143.68 113.58 144.28 
113 23:33.000 107.26 163.07 108.84 153.70 112.52 143.75 113.60 144.32 
113 23:33.542 107.22 163.17 108.80 153.99 112.50 143.83 113.72 144.61 
113 23:34.092 107.12 163.12 108.82 154.02 112.62 144.04 114.20 144.58 
113 23:34.642 107.11 162.89 108.92 154.26 112.81 144.04 114.35 144.89 
113 23:35.183 106.92 162.79 108.83 154.20 112.74 143.96 114.19 144.62 
113 23:35.725 109.15 163.61 110.26 154.57 114.70 142.99 115.43 142.41 
113 23:45.283 130.47 999.00 134.83 999.00 140.71 999.00 142.98 999.00 
113 23:45.817 130.48 999.00 135.02 999.00 140.76 999.00 143.10 999.00 
113 23:46.358 130.51 999.00 135.26 999.00 140.87 999.00 143.15 999.00 
113 23:46.908 130.84 195.22 135.43 187.42 141.08 177.46 143.43 178.29 
113 23:47.458 131.05 195.19 135.73 187.59 141.12 177.83 143.77 178.22 
113 23:48.000 130.97 195.15 135.54 187.73 141.53 178.08 144.14 178.08 
113 23:48.542 131.04 195.20 135.80 188.05 141.76 178.09 143.84 178.23 
113 23:49.092 131.15 195.63 135.93 188.22 141.73 178.72 144.30 178.92 
113 23:49.642 131.67 196.01 136.29 188.58 142.25 178.79 144.69 179.21 
113 23:50.183 131.90 196.63 136.59 188.93 142.51 179.39 145.09 179.90 
113 23:50.725 134.06 197.73 137.98 189.40 144.42 178.08 146.23 177.03 
114 00:00.300 135.63 201.69 141.23 194.49 146.96 184.92 149.62 185.46 
114 00:00.833 135.99 202.47 141.75 195.15 147.30 185.16 149.87 185.72 
114 00:01.375 136.28 202.45 142.07 195.15 147.65 185.37 150.09 185.93 
114 00:01.925 136.50 202.80 142.25 195.78 147.80 185.51 150.61 186.20 
114 00:02.475 136.75 203.12 142.54 196.22 148.58 186.23 150.88 186.77 
114 00:03.017 136.80 203.38 142.71 196.17 148.69 186.82 151.46 187.84 
114 00:03.558 137.09 204.28 142.80 196.63 149.02 187.19 151.67 188.06 
114 00:04.108 137.27 204.23 143.20 197.03 149.36 187.35 152.10 188.38 
114 00:04.658 137.51 204.72 143.44 197.38 149.41 187.70 152.30 188.57 
114 00:05.200 137.82 205.09 143.73 197.71 149.84 188.30 152.55 188.95 
114 00:05.733 137.65 204.24 143.58 197.43 149.31 187.71 152.29 188.63 
114 00:15.275 141.56 209.74 148.31 203.34 154.59 193.71 157.82 194.98 
114 00:15.817 142.02 210.19 148.55 203.52 155.09 194.23 158.53 195.49 
114 00:16.358 142.42 210.85 149.09 204.33 155.22 195.03 158.66 195.99 
114 00:16.908 142.77 212.01 149.48 204.90 155.96 195.41 158.95 197.00 
114 00:17.458 143.37 212.14 150.01 205.32 156.41 195.92 159.63 197.40 
114 00:18.000 143.52 212.67 150.21 205.74 156.69 196.40 160.21 197.87 
114 00:18.542 143.92 213.17 150.68 206.31 156.96 196.79 160.14 198.20 
114 00:19.092 144.55 214.19 151.15 206.88 157.10 196.99 159.70 198.31 
114 00:19.642 144.56 214.12 151.80 207.08 157.41 197.41 160.39 198.29 
114 00:20.183 144.98 214.59 151.79 207.35 157.85 197.47 160.63 198.29 
114 00:20.725 148.92 217.25 154.77 209.30 161.51 196.97 162.89 195.88 
114 00:30.258 112.46 999.00 114.68 999.00 118.80 999.00 120.43 999.00 
114 00:30.750 112.55 999.00 114.74 999.00 119.02 999.00 120.53 999.00 
114 00:31.250 112.47 999.00 114.76 999.00 118.78 999.00 120.61 999.00 
114 00:31.750 112.37 170.03 114.71 161.31 118.86 151.76 120.51 151.86 
114 00:32.250 112.50 169.95 114.91 161.53 119.22 151.55 120.75 152.14 
114 00:32.750 112.62 170.14 114.97 161.45 119.21 151.62 120.91 152.27 
114 00:33.250 112.72 170.32 115.08 161.72 119.45 151.80 120.96 152.84 
114 00:33.750 112.79 170.36 115.22 161.81 119.44 151.99 121.03 152.95 
114 00:34.250 112.79 170.52 115.23 161.85 119.60 151.94 121.08 153.16 
114 00:34.750 112.88 170.59 115.28 161.85 119.47 151.79 121.06 152.78 
114 00:35.250 112.79 170.48 115.23 161.90 119.64 151.85 120.99 152.82 
114 00:35.750 112.80 170.51 115.12 162.13 119.62 151.95 121.15 152.55 
114 00:36.250 112.77 170.53 115.31 162.06 119.66 151.94 121.19 152.63 
114 00:36.742 112.73 170.13 114.90 161.59 119.21 151.80 120.59 152.32 
114 00:45.250 115.05 173.46 117.61 164.86 121.83 154.80 123.34 155.78 
114 00:45.750 114.97 173.43 117.75 164.85 121.88 154.78 123.47 155.54 
114 00:46.250 115.15 173.56 117.67 164.97 122.04 154.76 123.62 155.61 
114 00:46.750 115.18 173.74 117.85 164.96 121.90 154.77 123.49 155.40 
114 00:47.250 115.09 173.49 117.82 165.00 121.99 154.82 123.64 155.55 
114 00:47.750 115.20 173.55 117.89 164.88 122.03 154.94 123.56 155.42 
114 00:48.250 115.27 173.75 117.89 165.26 122.12 155.06 123.70 155.87 
114 00:48.750 115.38 173.84 118.13 165.30 122.37 155.19 123.86 156.12 
114 00:49.250 115.60 174.19 118.36 165.69 122.49 155.49 123.88 156.30 
114 00:49.750 115.65 174.52 118.41 165.75 122.63 155.41 124.10 156.55 
114 00:50.250 115.73 174.38 118.38 165.77 122.71 155.88 124.31 156.61 
114 00:50.750 115.74 174.59 118.51 165.89 122.84 155.95 124.47 156.65 
114 00:51.250 115.73 174.42 118.62 166.11 123.05 155.88 124.63 156.88 
114 00:51.742 115.67 174.40 118.54 166.05 123.09 155.78 124.53 157.00 
114 01:15.258 164.90 999.00 173.72 999.00 180.41 999.00 182.44 999.00 
114 01:15.750 163.37 999.00 171.98 999.00 178.35 999.00 180.18 999.00 
114 01:16.250 163.23 999.00 172.15 999.00 178.41 999.00 180.22 999.00 
114 01:16.750 164.81 999.00 173.49 999.00 180.26 999.00 182.12 999.00 
114 01:17.250 163.63 241.79 172.14 235.20 178.85 222.60 180.63 223.49 
114 01:17.750 162.68 239.98 171.36 233.15 177.72 221.03 178.86 221.27 
114 01:18.250 162.79 240.44 171.28 233.29 177.34 220.94 179.01 221.83 
114 01:18.750 163.44 241.61 172.11 234.81 178.60 222.34 180.14 223.21 
114 01:19.250 164.02 242.66 173.17 236.04 179.45 223.52 181.30 224.41 
114 01:19.750 163.84 242.10 172.41 235.57 179.24 223.21 180.83 224.24 
114 01:20.250 161.95 238.90 170.58 232.17 176.45 219.72 178.50 220.88 
114 01:20.750 161.51 238.68 169.58 231.00 175.47 219.55 177.41 219.97 
114 01:21.250 160.97 238.09 168.86 230.54 174.89 218.61 176.66 218.71 
114 01:21.742 159.86 236.31 168.00 228.77 174.01 216.98 176.17 217.59 
114 01:30.250 152.64 999.00 159.51 999.00 163.75 999.00 165.02 999.00 
114 01:30.750 153.48 999.00 160.44 999.00 164.87 999.00 166.11 999.00 
114 01:31.250 154.98 999.00 162.22 999.00 166.62 999.00 168.01 999.00 
114 01:31.750 156.39 999.00 163.57 999.00 168.20 999.00 169.61 999.00 
114 01:32.250 158.10 233.95 165.53 225.80 170.25 212.33 170.90 214.47 
114 01:32.750 158.68 235.15 166.53 227.15 171.20 213.83 172.30 215.39 
114 01:33.250 159.51 235.69 167.13 228.09 171.89 214.54 173.16 215.80 
114 01:33.750 159.57 235.66 167.28 227.88 172.12 214.56 173.23 215.94 
114 01:34.250 158.61 234.82 166.23 226.70 170.77 213.75 172.15 215.05 
114 01:34.750 158.31 233.91 165.45 225.24 170.33 212.85 171.89 214.07 
114 01:35.250 155.74 230.17 162.51 221.56 166.99 209.15 168.44 210.14 
114 01:35.750 152.60 226.23 159.38 217.34 163.65 204.99 165.10 205.73 
114 01:36.250 151.04 223.60 157.64 215.15 161.52 202.55 162.98 203.38 
114 01:36.742 150.04 222.70 156.59 214.27 160.59 201.20 161.77 202.78 
114 01:45.250 146.87 999.00 153.04 999.00 156.65 999.00 157.36 999.00 
114 01:45.750 146.65 999.00 152.83 999.00 156.51 999.00 157.10 999.00 
114 01:46.250 145.36 999.00 151.13 999.00 155.13 999.00 155.56 999.00 
114 01:46.750 145.18 999.00 150.88 999.00 154.72 999.00 155.57 999.00 
114 01:47.250 146.93 218.24 152.69 209.28 156.42 196.22 157.41 197.91 
114 01:47.750 148.34 220.75 154.88 211.74 158.41 199.17 159.66 199.98 
114 01:48.250 149.53 222.32 156.06 213.37 159.98 200.72 161.26 202.12 
114 01:48.750 149.45 220.91 155.49 212.00 159.44 199.46 160.40 200.92 
114 01:49.250 149.04 220.73 155.12 212.26 158.99 199.54 160.48 200.74 
114 01:49.750 150.08 221.91 155.99 212.91 160.06 200.46 161.40 201.21 
114 01:50.250 151.50 223.91 158.04 215.61 162.11 203.09 163.33 203.94 
114 01:50.750 153.68 226.42 160.46 218.45 164.24 205.49 165.84 206.71 
114 01:51.250 153.46 227.33 160.69 219.13 164.79 206.48 166.34 207.39 
114 01:51.742 152.55 225.42 159.49 217.98 163.69 204.35 164.82 206.05 
114 02:00.258 137.31 999.00 142.10 999.00 146.16 999.00 147.24 999.00 
114 02:00.750 136.95 999.00 142.04 999.00 146.00 999.00 146.95 999.00 
114 02:01.250 136.82 999.00 141.91 999.00 145.92 999.00 146.66 999.00 
114 02:01.750 136.88 999.00 141.77 999.00 145.84 999.00 146.67 999.00 
114 02:02.250 136.96 203.29 141.83 194.60 145.63 182.66 146.57 183.65 
114 02:02.750 136.67 203.01 141.66 194.58 145.71 182.53 146.67 183.52 
114 02:03.250 136.39 202.82 141.39 194.17 145.42 182.63 146.59 183.22 
114 02:03.750 136.65 202.61 141.34 194.19 145.38 182.51 146.45 183.05 
114 02:04.250 136.29 202.39 141.28 194.19 145.49 182.37 146.57 183.19 
114 02:04.750 136.10 202.30 140.95 193.73 145.39 182.16 146.23 183.12 
114 02:05.250 135.96 202.06 140.80 193.65 144.71 181.62 145.65 182.65 
114 02:05.750 135.74 201.89 140.89 193.77 144.94 181.36 145.67 182.54 
114 02:06.250 135.83 201.75 140.64 193.71 144.86 181.44 145.47 182.57 
114 02:06.742 135.35 200.99 140.00 192.72 144.13 180.86 145.05 181.63 
114 02:15.250 132.14 999.00 136.74 999.00 141.75 999.00 142.88 999.00 
114 02:15.750 131.82 999.00 136.33 999.00 141.37 999.00 142.10 999.00 
114 02:16.250 131.45 999.00 135.93 999.00 140.61 999.00 141.64 999.00 
114 02:16.750 131.21 999.00 135.61 999.00 140.28 999.00 141.00 999.00 
114 02:17.250 131.03 194.41 135.40 186.22 139.63 174.50 140.32 174.99 
114 02:17.750 130.99 194.34 135.24 186.17 139.35 174.33 140.07 175.13 
114 02:18.250 130.60 194.22 134.70 185.72 138.98 174.46 139.97 174.91 
114 02:18.750 130.42 194.19 134.63 185.62 139.03 174.50 140.03 174.65 
114 02:19.250 130.14 193.62 134.64 185.70 138.70 174.50 139.88 174.52 
114 02:19.750 130.50 194.07 134.74 185.74 138.85 174.30 139.94 174.52 
114 02:20.250 130.45 193.94 134.63 185.51 138.83 174.39 139.76 174.39 
114 02:20.750 130.34 193.96 134.91 185.50 138.90 174.11 139.92 174.61 
114 02:21.250 130.21 193.96 134.59 185.39 138.67 174.09 139.55 174.75 
114 02:21.750 132.92 193.11 136.50 184.71 141.58 173.17 140.97 173.72 
114 02:30.250 126.99 999.00 130.65 999.00 134.43 999.00 134.49 999.00 
114 02:30.750 126.81 999.00 130.63 999.00 134.33 999.00 134.55 999.00 
114 02:31.250 126.82 999.00 130.54 999.00 134.20 999.00 134.35 999.00 
114 02:31.750 126.89 999.00 130.32 999.00 133.75 999.00 134.02 999.00 
114 02:32.250 126.77 189.21 130.22 180.35 133.78 167.79 133.85 169.78 
114 02:32.750 126.44 189.09 130.04 180.12 133.56 167.70 133.70 169.34 
114 02:33.250 126.22 188.45 129.94 179.62 133.38 167.55 133.80 169.08 
114 02:33.750 125.85 188.24 129.46 179.59 133.23 167.34 133.65 168.54 
114 02:34.250 125.73 188.12 129.35 179.08 133.23 167.50 133.60 168.53 
114 02:34.750 125.51 187.91 129.17 178.84 133.25 167.50 133.85 168.41 
114 02:35.250 125.41 187.71 128.96 178.57 132.83 167.57 133.85 167.89 
114 02:35.750 125.10 186.93 128.66 178.29 132.78 167.31 133.85 167.57 
114 02:36.250 124.87 187.08 128.53 178.16 132.48 167.09 133.30 167.63 
114 02:36.742 124.01 185.92 127.71 177.72 131.88 166.30 132.90 167.13 
114 02:45.258 122.88 184.26 126.20 175.21 129.87 163.65 130.52 164.67 
114 02:45.750 122.50 183.94 125.95 175.27 129.77 163.78 130.50 164.41 
114 02:46.250 122.69 183.83 125.95 174.83 129.54 163.32 130.27 164.05 
114 02:46.750 122.32 183.79 125.52 174.66 129.10 162.99 129.85 163.87 
114 02:47.250 122.28 183.40 125.45 174.56 129.08 162.57 129.54 163.95 
114 02:47.750 121.85 183.05 125.09 174.10 128.89 162.45 129.44 163.74 
114 02:48.250 121.84 183.21 125.04 173.84 128.47 161.94 128.76 163.18 
114 02:48.750 121.77 183.00 124.79 173.62 128.44 161.92 128.94 163.13 
114 02:49.250 121.56 182.52 124.80 173.50 128.54 162.06 129.18 162.95 
114 02:49.750 121.52 182.66 124.52 173.42 128.18 161.84 128.74 162.71 
114 02:50.250 121.69 182.72 124.66 173.32 128.06 161.70 128.55 162.45 
114 02:50.750 121.34 182.83 124.50 173.17 127.85 161.36 128.35 162.23 
114 02:51.250 121.33 181.95 124.31 172.86 127.67 161.34 128.32 162.00 
114 02:51.750 123.51 181.18 126.17 172.52 131.09 161.01 130.39 162.01 
114 03:00.250 138.83 999.00 144.27 999.00 148.68 999.00 149.75 999.00 
114 03:00.750 139.34 999.00 144.48 999.00 148.62 999.00 149.41 999.00 
114 03:01.250 139.01 999.00 144.03 999.00 148.07 999.00 148.91 999.00 
114 03:01.750 138.53 999.00 143.70 999.00 147.93 999.00 148.93 999.00 
114 03:02.250 138.28 205.95 143.67 197.40 147.75 184.48 148.70 185.85 
114 03:02.750 138.26 205.93 143.43 197.29 147.37 184.78 148.17 185.88 
114 03:03.250 138.13 205.83 143.31 197.12 147.25 184.71 148.18 185.68 
114 03:03.750 137.97 205.88 143.24 196.93 147.11 184.61 148.18 185.86 
114 03:04.250 137.78 205.98 143.03 196.73 146.92 184.82 148.25 185.80 
114 03:04.750 137.75 205.76 142.76 196.32 146.71 184.40 147.76 185.22 
114 03:05.250 137.87 205.15 142.88 196.03 146.71 184.14 147.70 184.90 
114 03:05.750 137.34 204.69 142.35 196.00 146.30 183.93 147.42 184.61 
114 03:06.250 137.06 204.21 142.16 195.50 146.21 183.68 147.59 184.40 
114 03:06.742 136.66 203.11 141.88 194.97 146.49 183.31 147.64 184.15 
114 03:15.250 116.11 999.00 119.00 999.00 122.38 999.00 123.14 999.00 
114 03:15.750 116.01 999.00 118.79 999.00 122.32 999.00 122.91 999.00 
114 03:16.250 115.77 999.00 118.50 999.00 122.33 999.00 122.97 999.00 
114 03:16.750 115.77 999.00 118.59 999.00 122.34 999.00 122.88 999.00 
114 03:17.250 115.42 174.36 118.25 165.63 122.02 154.36 122.55 154.90 
114 03:17.750 115.27 174.28 117.98 165.33 121.93 154.43 122.76 155.24 
114 03:18.250 115.20 174.04 118.00 165.24 121.83 154.23 122.61 155.12 
114 03:18.750 115.08 173.99 117.76 165.15 121.42 153.97 122.30 154.88 
114 03:19.250 114.96 173.49 117.68 164.69 121.71 154.05 122.67 155.16 
114 03:19.750 114.94 173.84 117.84 164.74 121.29 153.76 122.06 154.68 
114 03:20.250 114.89 173.31 117.52 164.62 121.58 153.87 122.28 154.77 
114 03:20.750 114.82 173.48 117.44 164.52 121.22 153.72 122.02 154.42 
114 03:21.250 114.68 173.43 117.37 164.25 121.17 153.18 121.65 154.08 
114 03:21.742 114.06 172.54 116.88 163.78 120.65 152.72 121.22 153.92 
114 03:30.258 113.36 999.00 115.86 999.00 119.00 999.00 119.69 999.00 
114 03:30.750 113.05 999.00 115.59 999.00 119.02 999.00 119.57 999.00 
114 03:31.250 113.01 999.00 115.50 999.00 119.30 999.00 120.05 999.00 
114 03:31.750 113.07 999.00 115.51 999.00 119.51 999.00 119.99 999.00 
114 03:32.250 113.12 171.77 115.57 162.51 119.38 150.80 119.85 151.85 
114 03:32.750 113.07 171.40 115.53 162.33 119.02 150.87 119.51 151.89 
114 03:33.250 112.92 171.22 115.49 162.12 118.90 150.74 119.16 151.79 
114 03:33.750 113.08 171.39 115.55 161.86 118.41 150.27 118.81 151.69 
114 03:34.250 112.87 171.23 115.38 161.82 118.31 150.06 118.67 151.85 
114 03:34.750 112.83 171.08 115.04 161.66 118.27 150.09 118.63 151.58 
114 03:35.250 112.74 170.99 114.93 161.55 118.28 150.07 118.65 151.50 
114 03:35.750 112.37 170.61 114.94 161.45 118.34 150.31 118.98 151.38 
114 03:36.250 112.50 170.55 114.93 161.37 118.21 149.93 118.61 150.98 
114 03:36.750 115.51 170.49 117.42 161.36 121.66 150.05 120.57 151.27 
114 03:45.250 111.05 999.00 113.40 999.00 117.11 999.00 117.74 999.00 
114 03:45.750 111.23 168.98 113.66 159.54 116.68 148.15 117.04 149.41 
114 03:46.250 111.30 169.18 113.48 159.68 116.25 147.84 116.70 149.44 
114 03:46.750 111.14 168.83 113.37 159.62 116.59 147.99 116.95 149.29 
114 03:47.250 110.93 168.72 113.21 159.51 116.43 147.93 116.76 149.26 
114 03:47.750 110.88 168.67 113.09 159.48 116.52 148.01 116.80 149.28 
114 03:48.250 111.13 169.19 113.23 159.78 116.34 147.54 116.62 149.27 
114 03:48.750 111.17 168.99 113.32 159.64 116.22 147.50 116.35 149.23 
114 03:49.250 110.94 168.86 112.93 159.53 116.12 147.44 116.11 149.61 
114 03:49.750 110.92 168.97 113.11 159.22 116.12 147.57 116.10 149.52 
114 03:50.250 110.77 168.82 112.89 159.49 116.24 147.73 116.45 149.42 
114 03:50.750 110.73 168.54 113.04 159.56 116.89 148.24 117.29 149.66 
114 03:51.250 110.77 168.67 112.99 159.39 116.52 148.17 117.02 149.46 
114 03:51.742 110.48 168.39 112.66 158.88 116.02 147.68 116.24 148.88 
114 04:00.250 121.80 999.00 125.19 999.00 130.08 999.00 131.62 999.00 
114 04:00.750 121.49 999.00 124.96 999.00 129.89 999.00 131.75 999.00 
114 04:01.250 121.27 999.00 124.75 999.00 130.15 999.00 132.13 999.00 
114 04:01.750 121.58 999.00 124.84 999.00 129.76 999.00 131.22 999.00 
114 04:02.250 121.12 999.00 124.42 999.00 129.89 999.00 131.88 999.00 
114 04:02.750 120.99 181.99 124.36 173.91 129.84 164.00 131.89 164.77 
114 04:03.250 120.93 181.59 124.17 173.51 129.80 163.82 132.02 164.49 
114 04:03.750 120.24 181.22 123.57 173.29 129.04 163.58 131.34 164.36 
114 04:04.250 120.46 181.57 123.81 173.50 129.20 163.26 131.09 164.04 
114 04:04.750 120.41 181.75 123.94 173.50 129.39 163.74 131.71 164.87 
114 04:05.250 120.64 182.24 124.13 173.54 129.39 163.69 131.47 165.03 
114 04:05.750 121.14 182.47 124.51 173.60 129.40 163.27 130.91 164.45 
114 04:06.250 120.79 182.06 123.97 173.47 129.12 163.43 131.30 164.24 
114 04:06.742 120.30 181.29 123.34 172.87 128.36 162.51 130.27 163.75 
114 04:15.258 107.58 999.00 109.60 999.00 114.05 999.00 115.90 999.00 
114 04:15.750 107.68 999.00 109.74 999.00 113.96 999.00 115.70 999.00 
114 04:16.250 107.46 999.00 109.66 999.00 114.00 999.00 115.70 999.00 
114 04:16.750 107.60 999.00 109.84 999.00 113.99 999.00 115.79 999.00 
114 04:17.250 107.57 999.00 109.65 999.00 114.05 999.00 115.62 999.00 
114 04:17.750 107.62 164.20 109.57 155.39 113.89 145.34 115.34 146.04 
114 04:18.250 107.39 163.77 109.37 155.28 113.85 145.49 115.73 146.77 
114 04:18.750 107.54 163.76 109.47 155.08 113.76 145.10 115.42 146.58 
114 04:19.250 107.87 164.35 109.95 155.78 114.18 145.67 115.52 146.88 
114 04:19.750 107.54 164.08 109.60 155.56 114.04 145.75 115.90 146.99 
114 04:20.250 107.77 164.38 109.85 155.47 114.00 145.44 115.53 146.66 
114 04:20.750 107.82 164.44 109.90 155.58 114.06 145.58 115.63 146.85 
114 04:21.250 107.80 164.27 109.80 155.52 114.13 145.90 116.24 146.89 
114 04:21.742 107.98 164.66 110.01 155.69 114.04 145.55 115.37 146.37 
114 04:30.250 107.23 999.00 109.33 999.00 113.60 999.00 115.09 999.00 
114 04:30.750 107.21 999.00 109.20 999.00 113.47 999.00 114.70 999.00 
114 04:31.250 107.42 999.00 109.34 999.00 113.41 999.00 114.52 999.00 
114 04:31.750 107.17 999.00 109.13 999.00 113.36 999.00 114.54 999.00 
114 04:32.250 107.21 999.00 109.33 999.00 113.36 999.00 114.11 999.00 
114 04:32.750 107.25 163.61 109.16 154.64 113.27 144.40 114.27 145.10 
114 04:33.250 107.05 163.25 109.04 154.78 113.37 144.51 114.58 145.39 
114 04:33.750 106.82 162.75 108.79 154.43 113.14 144.55 115.00 145.56 
114 04:34.250 106.89 163.14 108.79 154.15 112.85 144.19 114.16 145.12 
114 04:34.750 106.69 162.77 108.49 153.88 112.72 143.89 114.12 144.90 
114 04:35.250 106.55 162.71 108.53 154.04 112.73 144.05 114.35 145.07 
114 04:35.750 106.89 162.99 108.68 154.01 112.45 143.54 113.37 144.18 
114 04:36.250 106.92 163.28 108.67 153.98 112.40 143.38 113.19 144.02 
114 04:36.750 109.50 163.22 110.77 154.02 114.84 142.88 113.95 143.90 
114 04:45.250 105.83 999.00 107.77 999.00 112.00 999.00 113.53 999.00 
114 04:45.750 105.90 999.00 107.73 999.00 111.70 999.00 112.93 999.00 
114 04:46.250 105.93 162.05 107.89 153.07 111.62 142.35 112.15 143.21 
114 04:46.750 105.81 161.88 107.80 152.89 111.73 142.68 112.78 143.75 
114 04:47.250 105.73 161.65 107.68 152.81 111.67 142.48 112.72 143.68 
114 04:47.750 105.85 161.68 107.57 152.76 111.54 142.13 112.30 143.70 
114 04:48.250 105.65 161.61 107.57 152.68 111.32 141.87 112.08 143.18 
114 04:48.750 105.64 161.72 107.53 152.50 110.99 141.66 111.58 142.67 
114 04:49.250 105.76 161.76 107.47 152.44 110.90 141.54 111.39 142.82 
114 04:49.750 105.68 161.79 107.49 152.38 110.80 141.37 111.28 142.53 
114 04:50.250 105.71 161.72 107.46 152.27 110.57 140.98 110.82 142.54 
114 04:50.750 105.76 161.93 107.49 152.41 110.43 140.83 110.65 142.38 
114 04:51.250 105.66 161.91 107.43 152.24 110.34 140.71 110.45 142.16 
114 04:51.742 105.24 160.94 106.93 151.59 109.69 140.39 110.04 141.61 
114 05:00.267 114.77 999.00 115.28 999.00 118.58 999.00 119.37 999.00 
114 05:00.750 114.55 999.00 115.08 999.00 118.22 999.00 118.80 999.00 
114 05:01.250 114.65 999.00 114.95 999.00 117.93 999.00 118.32 999.00 
114 05:01.750 114.56 999.00 114.84 999.00 117.88 999.00 118.25 999.00 
114 05:02.250 114.52 999.00 114.78 999.00 118.10 999.00 118.26 999.00 
114 05:02.750 114.44 171.23 114.83 161.80 118.04 150.02 118.21 151.72 
114 05:03.250 114.50 171.28 114.80 161.78 117.90 149.73 117.90 151.83 
114 05:03.750 114.24 170.91 114.55 161.36 117.58 149.41 117.81 151.21 
114 05:04.250 114.32 170.84 114.69 161.37 117.65 149.28 117.89 151.20 
114 05:04.750 114.23 171.06 114.70 161.29 117.49 149.20 117.67 151.14 
114 05:05.250 114.49 170.95 114.69 161.29 117.47 149.40 117.73 150.98 
114 05:05.750 114.21 170.95 114.53 160.88 117.34 149.31 117.60 150.86 
114 05:06.250 114.30 171.28 114.59 160.96 117.34 149.31 117.49 150.53 
114 05:06.750 116.16 170.45 115.88 160.44 119.07 148.62 118.39 150.09 
114 05:15.258 106.21 999.00 105.88 999.00 107.65 999.00 108.19 999.00 
114 05:15.750 106.18 999.00 105.94 999.00 107.92 999.00 108.32 999.00 
114 05:16.250 106.26 999.00 106.00 999.00 108.13 999.00 108.28 999.00 
114 05:16.750 106.14 999.00 106.00 999.00 108.04 999.00 108.20 999.00 
114 05:17.250 106.20 999.00 106.07 999.00 108.26 999.00 108.37 999.00 
114 05:17.750 106.32 161.46 106.15 150.92 108.32 139.24 108.50 141.06 
114 05:18.250 106.41 161.36 106.18 150.76 108.31 139.07 108.50 141.15 
114 05:18.750 106.48 161.60 106.29 150.99 108.25 139.14 108.53 140.98 
114 05:19.250 106.48 161.76 106.30 150.95 108.25 139.07 108.52 141.25 
114 05:19.750 106.29 161.49 106.11 150.72 108.01 138.94 108.42 140.98 
114 05:20.250 106.12 161.39 106.07 150.85 108.00 138.92 108.43 140.96 
114 05:20.750 106.33 161.18 106.06 150.87 108.15 139.02 108.42 141.00 
114 05:21.250 106.22 161.12 106.06 150.73 108.11 138.67 108.34 140.81 
114 05:21.750 108.31 161.03 107.71 150.72 110.41 138.74 109.70 140.71 
114 05:30.250 106.74 999.00 106.90 999.00 109.51 999.00 109.53 999.00 
114 05:30.750 106.96 999.00 107.18 999.00 109.71 999.00 109.64 999.00 
114 05:31.250 107.09 999.00 107.11 999.00 109.72 999.00 109.91 999.00 
114 05:31.750 107.22 999.00 107.27 999.00 109.65 999.00 109.90 999.00 
114 05:32.250 107.63 999.00 107.68 999.00 109.87 999.00 110.06 999.00 
114 05:32.750 107.65 162.88 107.56 152.49 109.89 140.89 109.84 142.47 
114 05:33.250 107.76 163.14 107.79 152.67 109.97 140.91 110.14 142.81 
114 05:33.750 107.76 163.29 107.74 152.80 109.87 141.00 110.13 142.67 
114 05:34.250 107.95 163.30 107.83 152.72 109.89 140.97 110.12 142.75 
114 05:34.750 107.94 163.10 107.84 152.74 109.90 140.97 110.25 142.69 
114 05:35.250 107.69 163.06 107.61 152.72 109.74 140.96 110.07 142.83 
114 05:35.750 107.89 163.17 107.80 152.87 109.82 140.79 110.24 142.97 
114 05:36.250 107.84 163.14 107.92 152.77 109.82 140.97 110.32 142.76 
114 05:36.742 107.22 162.08 107.29 152.08 109.43 140.19 109.73 142.09 
114 05:45.258 108.29 999.00 108.22 999.00 110.60 999.00 110.69 999.00 
114 05:45.750 108.28 999.00 108.28 999.00 110.45 999.00 110.43 999.00 
114 05:46.250 108.31 164.08 108.19 153.10 110.51 141.03 110.64 144.33 
114 05:46.750 108.07 163.40 108.08 153.13 110.39 141.38 110.45 143.49 
114 05:47.250 108.38 163.67 108.29 153.37 110.66 141.67 110.80 143.47 
114 05:47.750 108.46 163.79 108.35 153.47 110.77 141.82 110.81 143.57 
114 05:48.250 108.52 163.67 108.41 153.47 110.86 141.77 110.86 143.66 
114 05:48.750 108.15 163.39 108.16 153.10 110.50 141.49 110.52 143.44 
114 05:49.250 108.16 163.07 108.02 153.07 110.47 141.35 110.45 143.49 
114 05:49.750 107.87 162.75 107.95 152.95 110.27 141.02 110.37 143.15 
114 05:50.250 107.76 162.75 107.86 152.62 110.20 140.96 110.22 142.93 
114 05:50.750 107.86 162.73 107.83 152.61 110.10 140.91 110.21 142.91 
114 05:51.250 107.80 162.68 107.73 152.41 110.12 140.98 110.24 142.70 
114 05:51.742 107.47 162.17 107.46 152.13 109.65 140.37 109.74 142.67 
114 06:00.275 113.40 999.00 113.71 999.00 116.13 999.00 116.61 999.00 
114 06:00.750 113.40 999.00 113.68 999.00 116.17 999.00 116.57 999.00 
114 06:01.250 113.41 999.00 113.63 999.00 116.22 999.00 116.40 999.00 
114 06:01.750 113.24 999.00 113.52 999.00 115.97 999.00 116.34 999.00 
114 06:02.250 113.17 999.00 113.40 999.00 115.87 999.00 116.32 999.00 
114 06:02.750 113.34 169.82 113.62 159.75 116.21 148.00 116.76 149.83 
114 06:03.250 113.46 170.15 113.73 160.21 116.36 148.40 116.89 149.98 
114 06:03.750 115.38 172.23 115.72 162.46 118.32 150.53 118.64 152.48 
114 06:04.250 116.15 173.99 117.23 164.44 119.92 152.26 120.40 154.29 
114 06:04.750 111.88 170.59 114.26 160.76 116.97 148.91 117.17 151.05 
114 06:05.250 112.54 171.14 114.91 161.33 117.69 149.39 117.84 151.16 
114 06:05.750 112.03 170.54 114.20 160.63 116.81 148.58 117.06 150.45 
114 06:06.250 111.48 169.82 113.69 159.89 116.34 148.00 116.51 149.78 
114 06:06.750 113.76 169.29 115.45 159.43 118.88 147.74 117.64 149.91 
114 06:30.258 107.08 999.00 106.93 999.00 109.07 999.00 109.29 999.00 
114 06:30.750 107.30 162.41 107.03 151.77 108.96 139.54 109.44 139.56 
114 06:31.250 107.81 162.94 107.65 152.41 109.53 140.22 110.01 140.03 
114 06:31.750 108.21 163.36 107.89 152.72 109.73 140.38 110.17 140.24 
114 06:32.250 107.93 163.20 107.72 152.52 109.60 140.47 110.15 140.30 
114 06:32.750 107.57 162.72 107.33 152.20 109.17 139.98 109.55 139.81 
114 06:33.250 107.24 162.31 106.94 151.61 108.87 139.38 109.26 139.32 
114 06:33.750 107.12 161.92 106.84 151.55 108.70 139.41 109.28 139.26 
114 06:34.250 107.05 162.09 106.75 151.43 108.60 139.41 109.20 138.95 
114 06:34.750 107.16 162.05 106.92 151.54 108.72 139.24 109.26 139.02 
114 06:35.250 107.48 162.62 107.27 151.86 109.15 139.77 109.65 139.58 
114 06:35.750 107.68 162.76 107.46 152.21 109.31 140.03 109.87 139.87 
114 06:36.250 108.38 163.54 108.09 153.05 109.95 140.73 110.49 140.70 
114 06:36.750 110.97 163.67 110.24 153.11 112.88 141.07 112.35 140.86 
114 06:45.250 106.99 999.00 106.62 999.00 108.80 999.00 108.96 999.00 
114 06:45.750 106.90 162.34 106.62 151.38 108.72 139.57 108.86 139.39 
114 06:46.250 107.22 162.38 106.84 151.41 108.79 139.65 109.07 139.01 
114 06:46.750 107.24 162.45 106.92 151.58 108.73 139.46 109.02 138.98 
114 06:47.250 107.35 162.40 107.03 151.49 108.94 139.62 109.26 139.11 
114 06:47.750 107.29 162.32 107.00 151.57 108.94 139.68 109.46 139.01 
114 06:48.250 107.38 162.39 107.24 151.82 109.04 139.78 109.51 139.17 
114 06:48.750 107.47 162.36 107.20 151.74 108.96 139.85 109.57 139.18 
114 06:49.250 107.27 162.24 107.07 151.95 108.91 139.67 109.55 139.31 
114 06:49.750 107.24 162.27 107.08 151.75 109.02 139.59 109.41 139.26 
114 06:50.250 107.27 162.25 107.03 151.90 109.16 139.49 109.47 139.27 
114 06:50.750 107.06 162.09 106.90 151.90 109.08 139.61 109.29 139.27 
114 06:51.250 107.18 162.12 107.02 151.68 109.25 139.58 109.27 139.29 
114 06:51.742 107.14 162.15 106.84 151.53 108.95 139.86 109.29 138.95 
114 07:00.267 113.91 999.00 113.67 999.00 115.48 999.00 116.11 999.00 
114 07:00.750 114.01 170.51 113.76 160.18 115.71 147.58 116.39 147.12 
114 07:01.250 114.09 170.76 114.02 160.20 115.75 147.72 116.51 147.29 
114 07:01.750 114.28 170.97 114.18 160.47 116.01 148.01 116.61 147.49 
114 07:02.250 114.20 170.86 114.06 160.74 116.08 147.70 116.45 147.61 
114 07:02.750 114.09 170.66 114.03 160.43 116.23 147.53 116.48 147.27 
114 07:03.250 113.94 170.69 113.83 160.51 116.17 147.79 116.49 147.43 
114 07:03.750 113.95 170.74 113.95 160.16 116.04 148.09 116.45 147.42 
114 07:04.250 114.13 170.76 114.00 160.25 116.04 148.09 116.39 147.59 
114 07:04.750 114.20 170.86 114.17 160.24 116.21 148.30 116.67 147.56 
114 07:05.250 114.24 170.96 114.09 160.22 116.09 148.06 116.58 147.62 
114 07:05.750 114.06 170.66 113.93 160.03 115.88 147.84 116.43 147.46 
114 07:06.250 114.16 170.84 114.03 160.02 115.84 147.92 116.44 147.35 
114 07:06.742 113.87 170.60 113.69 159.81 115.55 147.45 116.16 146.91 
114 07:15.258 110.67 999.00 110.39 999.00 112.18 999.00 112.60 999.00 
114 07:15.750 110.58 165.19 110.48 155.95 112.23 143.43 112.90 142.92 
114 07:16.250 109.67 165.13 109.57 154.68 111.43 142.46 111.96 142.00 
114 07:16.750 109.54 165.12 109.47 154.72 111.31 142.28 111.83 141.86 
114 07:17.250 109.48 165.17 109.31 154.69 111.43 142.32 111.70 141.95 
114 07:17.750 109.13 164.88 109.02 154.20 110.95 142.21 111.46 141.81 
114 07:18.250 109.26 165.01 109.00 154.01 110.97 142.25 111.35 141.41 
114 07:18.750 109.32 165.06 109.02 154.12 111.23 142.56 111.40 141.67 
114 07:19.250 109.28 164.86 109.04 154.01 111.11 142.25 111.30 141.62 
114 07:19.750 109.23 164.75 108.86 153.94 110.94 142.24 111.35 141.78 
114 07:20.250 109.23 164.80 109.01 153.99 110.96 142.14 111.38 141.70 
114 07:20.750 109.38 164.82 109.09 154.09 110.95 142.19 111.41 141.53 
114 07:21.250 109.23 164.77 109.07 154.04 111.00 141.98 111.37 141.73 
114 07:21.750 110.97 164.29 110.36 153.68 113.04 141.66 112.28 141.33 
114 07:30.250 109.74 999.00 109.62 999.00 111.57 999.00 112.07 999.00 
114 07:30.750 109.93 999.00 109.71 999.00 111.59 999.00 112.23 999.00 
114 07:31.250 110.65 166.54 110.43 155.79 112.17 143.50 112.74 143.28 
114 07:31.750 111.21 167.38 111.10 156.76 112.95 144.33 113.41 144.26 
114 07:32.250 110.61 166.48 110.53 156.03 112.56 143.94 112.82 143.50 
114 07:32.750 110.51 166.49 110.28 155.56 112.27 143.91 112.61 143.26 
114 07:33.250 110.88 167.15 110.58 156.10 112.61 144.30 113.08 143.74 
114 07:33.750 110.97 167.03 110.66 156.17 112.76 144.26 113.02 143.77 
114 07:34.250 110.77 166.63 110.51 155.88 112.37 144.03 112.85 143.57 
114 07:34.750 110.48 166.54 110.32 155.66 112.25 143.76 112.53 143.19 
114 07:35.250 110.52 166.70 110.33 155.81 112.26 143.81 112.62 143.24 
114 07:35.750 110.71 166.75 110.34 156.05 112.36 143.93 112.72 143.43 
114 07:36.250 110.89 166.76 110.56 156.17 112.53 143.91 112.84 143.49 
114 07:36.750 113.30 166.04 112.48 155.44 115.42 143.31 114.27 142.84 
114 07:45.250 111.25 999.00 110.98 999.00 112.89 999.00 113.46 999.00 
114 07:45.750 111.48 999.00 111.28 999.00 113.06 999.00 113.74 999.00 
114 07:46.250 111.60 167.90 111.38 157.08 113.28 144.83 113.84 144.64 
114 07:46.750 111.86 168.28 111.55 157.34 113.37 145.10 113.90 144.89 
114 07:47.250 111.75 168.16 111.52 157.34 113.43 145.21 113.98 145.02 
114 07:47.750 111.94 168.51 111.65 157.43 113.38 145.18 113.94 145.34 
114 07:48.250 112.15 168.49 111.86 157.70 113.88 145.47 114.24 145.51 
114 07:48.750 112.39 168.69 112.11 158.04 114.08 145.59 114.34 145.75 
114 07:49.250 112.41 168.68 112.22 158.14 114.15 145.66 114.69 145.52 
114 07:49.750 112.64 168.94 112.32 158.29 114.15 145.92 114.69 145.72 
114 07:50.250 112.75 169.21 112.52 158.41 114.31 145.93 114.76 146.10 
114 07:50.750 112.87 169.31 112.50 158.63 114.29 146.12 114.88 146.04 
114 07:51.250 112.89 169.33 112.49 158.61 114.32 146.24 114.96 146.14 
114 07:51.742 112.47 168.88 112.00 157.90 113.51 145.52 114.28 145.63 
114 08:00.267 118.75 999.00 121.19 999.00 123.15 999.00 124.05 999.00 
114 08:00.750 119.10 999.00 121.72 999.00 123.66 999.00 124.55 999.00 
114 08:01.250 119.19 180.85 121.74 170.09 123.69 157.32 124.53 157.60 
114 08:01.750 119.54 181.02 121.98 170.45 123.77 157.36 124.78 157.85 
114 08:02.250 120.11 181.82 122.73 171.19 124.44 158.34 125.51 158.43 
114 08:02.750 120.15 182.18 122.68 171.15 124.56 158.26 125.55 158.28 
114 08:03.250 119.77 181.24 122.39 171.00 124.40 158.03 125.27 158.03 
114 08:03.750 119.88 181.62 122.54 171.20 124.68 158.23 125.55 158.27 
114 08:04.250 120.01 181.85 122.66 171.31 124.77 158.37 125.49 158.51 
114 08:04.750 119.83 181.43 122.33 171.06 124.52 158.17 125.24 158.14 
114 08:05.250 119.76 181.43 122.32 170.97 124.42 158.02 125.23 157.98 
114 08:05.750 120.21 182.17 122.85 171.21 124.80 158.24 125.62 158.62 
114 08:06.250 119.82 181.56 122.39 170.99 124.45 157.82 125.36 158.08 
114 08:06.750 121.65 180.74 123.60 169.78 126.25 156.73 125.80 157.31 
114 08:15.250 116.07 999.00 118.28 999.00 120.43 999.00 120.96 999.00 
114 08:15.750 116.33 999.00 118.52 999.00 120.70 999.00 121.23 999.00 
114 08:16.250 116.69 177.37 118.88 166.66 120.73 153.92 121.54 153.99 
114 08:16.750 117.05 177.62 119.35 166.96 121.08 154.06 122.19 154.48 
114 08:17.250 116.75 177.28 118.97 166.46 120.82 153.67 121.77 153.97 
114 08:17.750 116.64 176.68 118.55 166.02 120.42 152.94 121.40 153.65 
114 08:18.250 116.46 177.11 118.59 166.27 120.50 153.17 121.32 154.01 
114 08:18.750 116.59 177.41 118.74 166.50 120.78 153.47 121.35 154.22 
114 08:19.250 116.45 176.89 118.52 166.31 120.76 153.22 121.28 154.11 
114 08:19.750 116.24 176.89 118.34 166.40 120.72 153.29 121.13 154.00 
114 08:20.250 116.53 176.88 118.64 166.60 121.05 153.50 121.43 154.12 
114 08:20.750 117.21 177.61 119.50 167.01 121.82 154.39 122.08 154.76 
114 08:21.250 117.31 177.94 119.75 167.26 121.92 154.88 122.35 155.06 
114 08:21.750 119.66 177.70 121.46 167.28 124.85 154.29 123.81 155.12 
114 08:30.250 116.60 999.00 118.84 999.00 120.71 999.00 121.23 999.00 
114 08:30.750 117.12 999.00 119.38 999.00 121.18 999.00 122.07 999.00 
114 08:31.250 117.27 178.16 119.51 167.32 121.32 154.53 122.23 155.17 
114 08:31.750 117.63 178.04 120.08 167.48 122.04 154.75 122.68 154.98 
114 08:32.250 117.50 178.27 120.05 167.81 122.04 154.89 122.64 155.40 
114 08:32.750 117.32 178.54 119.83 167.74 121.87 154.72 122.40 155.56 
114 08:33.250 117.45 178.59 119.96 167.91 122.04 154.93 122.72 155.35 
114 08:33.750 117.75 178.93 120.04 168.04 122.32 155.41 122.78 155.68 
114 08:34.250 118.28 179.37 120.61 168.54 122.73 156.13 123.41 156.17 
114 08:34.750 118.63 179.94 120.96 169.09 123.04 156.48 123.76 156.63 
114 08:35.250 119.14 180.59 121.61 169.54 123.54 157.26 124.41 157.26 
114 08:35.750 118.96 180.70 121.48 169.72 123.42 157.18 124.14 157.28 
114 08:36.250 118.85 180.92 121.14 169.47 122.92 156.73 123.76 157.08 
114 08:36.742 118.34 179.95 120.48 168.63 122.08 155.86 123.19 156.12 
114 08:45.258 121.53 999.00 124.13 999.00 125.82 999.00 127.19 999.00 
114 08:45.750 122.25 999.00 125.18 999.00 126.74 999.00 128.09 999.00 
114 08:46.250 123.47 187.46 126.41 176.31 128.10 163.12 129.29 163.73 
114 08:46.750 124.15 187.66 127.24 176.87 129.13 163.76 130.08 163.90 
114 08:47.250 124.76 188.75 127.87 177.85 130.11 164.95 130.91 165.26 
114 08:47.750 124.41 188.52 127.58 177.59 129.85 164.80 130.67 164.79 
114 08:48.250 124.14 187.80 127.25 177.02 129.32 164.42 130.44 164.51 
114 08:48.750 124.32 187.77 127.38 176.81 129.12 164.23 130.35 164.42 
114 08:49.250 123.76 187.26 126.64 176.15 128.55 163.46 129.80 163.57 
114 08:49.750 123.13 186.29 125.81 174.80 127.63 162.23 128.87 162.49 
114 08:50.250 122.47 185.07 125.11 173.79 126.77 161.05 127.88 161.36 
114 08:50.750 120.97 183.54 123.61 172.12 125.10 159.35 126.49 159.77 
114 08:51.250 120.27 182.31 122.60 170.67 124.19 158.19 125.48 158.67 
114 08:51.750 122.03 181.57 123.96 170.39 126.47 157.40 126.34 158.06 
114 09:00.267 126.04 999.00 129.25 999.00 130.86 999.00 132.18 999.00 
114 09:00.750 126.28 999.00 129.20 999.00 130.73 999.00 132.27 999.00 
114 09:01.250 126.37 190.88 129.22 179.60 130.88 166.38 132.56 167.25 
114 09:01.750 126.20 191.00 129.25 179.53 130.98 166.39 132.56 167.24 
114 09:02.250 126.44 191.15 129.56 180.08 131.42 166.86 132.74 167.64 
114 09:02.750 126.65 191.11 129.93 180.05 131.67 167.03 132.90 167.60 
114 09:03.250 126.61 191.39 129.83 180.28 131.75 167.08 132.85 167.45 
114 09:03.750 126.61 191.53 129.94 180.35 131.68 167.13 133.11 167.63 
114 09:04.250 127.00 191.28 130.09 180.42 131.68 167.06 133.06 167.87 
114 09:04.750 127.03 191.46 130.11 180.23 131.99 167.33 133.28 167.90 
114 09:05.250 127.03 191.48 130.03 180.33 131.76 167.12 133.03 167.99 
114 09:05.750 126.84 191.87 130.08 180.44 131.60 167.37 133.18 168.20 
114 09:06.250 127.49 191.83 130.81 180.86 132.31 167.67 133.64 168.24 
114 09:06.750 129.77 191.60 132.58 180.68 135.34 167.67 135.09 168.10 
114 09:15.250 124.75 999.00 127.59 999.00 129.53 999.00 130.79 999.00 
114 09:15.750 125.29 999.00 128.36 999.00 130.06 999.00 131.28 999.00 
114 09:16.250 125.15 188.92 128.22 177.70 129.98 164.55 131.14 164.98 
114 09:16.750 124.99 188.93 127.89 177.89 129.84 164.86 131.05 165.30 
114 09:17.250 125.31 188.84 128.40 178.18 130.44 165.15 131.45 165.23 
114 09:17.750 125.45 189.46 128.43 178.43 130.44 164.97 131.40 165.76 
114 09:18.250 126.04 189.70 129.20 179.04 131.10 165.46 131.85 166.18 
114 09:18.750 125.49 189.78 128.81 179.17 131.09 165.82 132.02 166.47 
114 09:19.250 125.55 189.94 128.79 178.93 130.93 166.03 131.90 166.43 
114 09:19.750 125.99 190.15 129.09 179.22 131.14 166.24 132.20 167.00 
114 09:20.250 126.11 190.56 129.41 179.30 131.04 166.19 132.36 166.87 
114 09:20.750 125.88 190.14 129.31 179.52 131.34 166.28 132.33 166.63 
114 09:21.250 125.90 190.20 129.37 179.53 131.53 166.65 132.56 166.67 
114 09:21.742 126.29 190.60 129.42 179.69 131.41 166.68 132.60 166.81 
114 09:30.258 130.88 999.00 134.65 999.00 136.48 999.00 137.85 999.00 
114 09:30.750 131.59 999.00 135.58 999.00 137.53 999.00 138.76 999.00 
114 09:31.250 132.59 200.38 136.63 189.67 138.26 176.13 139.87 176.95 
114 09:31.750 134.41 202.17 138.63 191.15 140.62 177.19 141.97 178.38 
114 09:32.250 135.37 203.61 139.85 192.57 141.61 179.02 143.23 179.58 
114 09:32.750 135.77 203.98 140.17 193.18 142.11 179.87 143.78 180.17 
114 09:33.250 136.15 204.17 140.50 193.55 142.45 180.01 143.98 180.47 
114 09:33.750 135.43 203.63 140.06 193.15 142.02 179.50 143.45 179.90 
114 09:34.250 135.26 203.40 139.83 192.70 141.81 179.16 143.30 179.44 
114 09:34.750 135.54 203.68 139.90 192.97 142.03 179.07 143.24 179.85 
114 09:35.250 135.83 204.00 140.35 193.71 142.63 179.59 143.58 180.38 
114 09:35.750 135.34 203.79 139.60 193.21 142.07 179.22 143.47 180.22 
114 09:36.250 136.12 204.16 140.36 193.70 142.42 179.39 143.82 181.02 
114 09:36.750 139.39 205.20 143.15 194.48 146.56 180.43 146.05 181.64 
114 09:45.250 142.48 999.00 148.22 999.00 150.64 999.00 152.55 999.00 
114 09:45.750 141.73 999.00 147.11 999.00 149.38 999.00 151.30 999.00 
114 09:46.250 140.44 210.94 145.93 200.10 148.28 186.49 149.99 187.22 
114 09:46.750 140.76 211.43 146.28 201.13 148.78 187.32 150.27 187.74 
114 09:47.250 143.32 215.03 149.42 205.12 152.01 191.26 153.52 191.23 
114 09:47.750 144.89 216.90 150.86 206.96 153.96 193.22 155.12 193.23 
114 09:48.250 144.01 215.71 149.91 205.78 152.81 191.77 154.05 191.94 
114 09:48.750 141.12 211.75 146.63 201.12 149.19 187.22 150.17 188.21 
114 09:49.250 139.35 209.08 144.65 199.06 147.31 185.40 148.28 185.87 
114 09:49.750 138.46 208.30 143.81 198.04 145.96 183.85 147.43 184.68 
114 09:50.250 140.07 210.70 145.09 200.15 147.24 185.82 148.91 186.97 
114 09:50.750 143.45 214.93 148.63 204.05 150.63 189.94 152.62 191.30 
114 09:51.250 144.68 216.70 149.98 205.43 152.15 191.55 153.71 192.52 
114 09:51.750 150.35 220.04 155.54 208.72 159.11 194.71 159.49 195.82 
114 10:00.267 148.69 999.00 154.61 999.00 156.91 999.00 159.06 999.00 
114 10:00.750 147.84 999.00 153.91 999.00 155.85 999.00 157.74 999.00 
114 10:01.250 147.37 999.00 153.66 999.00 155.75 999.00 157.63 999.00 
114 10:01.750 147.80 221.32 153.67 210.35 155.71 195.95 157.69 197.08 
114 10:02.250 148.21 221.61 154.41 211.36 156.70 196.97 158.49 197.98 
114 10:02.750 147.11 220.38 153.32 209.88 155.67 195.39 157.37 196.48 
114 10:03.250 147.85 221.46 154.08 210.84 156.37 196.57 158.08 197.53 
114 10:03.750 148.62 222.36 154.53 211.08 155.99 197.05 158.41 198.12 
114 10:04.250 148.51 222.22 154.02 210.73 155.85 196.67 158.19 197.75 
114 10:04.750 146.85 220.44 152.20 208.28 153.85 194.59 156.33 195.48 
114 10:05.250 147.40 221.04 152.45 208.70 153.98 194.34 156.63 195.93 
114 10:05.750 149.21 223.30 154.91 211.91 156.39 197.50 158.94 198.29 
114 10:06.250 148.52 222.31 154.26 211.00 156.05 196.70 158.52 197.56 
114 10:06.742 148.20 222.21 153.73 210.64 155.37 196.04 158.05 197.31 
114 10:15.258 145.02 999.00 150.87 999.00 155.17 999.00 156.54 999.00 
114 10:15.750 145.81 999.00 151.94 999.00 156.19 999.00 157.58 999.00 
114 10:16.250 145.73 999.00 151.98 999.00 156.04 999.00 157.49 999.00 
114 10:16.750 147.32 219.88 153.44 210.80 157.44 197.79 158.91 196.89 
114 10:17.250 146.60 219.31 152.61 209.75 156.30 196.67 158.06 195.81 
114 10:17.750 145.65 217.93 151.97 209.22 155.97 196.40 157.79 195.05 
114 10:18.250 144.94 216.40 150.97 207.86 155.37 195.23 156.62 193.66 
114 10:18.750 145.05 216.74 151.13 208.39 155.52 195.13 156.84 194.30 
114 10:19.250 145.13 217.28 151.49 209.11 156.03 195.80 157.56 194.67 
114 10:19.750 145.32 217.37 151.50 208.76 156.35 196.15 157.85 195.22 
114 10:20.250 144.69 216.51 150.82 207.62 155.28 195.24 156.80 194.11 
114 10:20.750 144.53 216.80 150.29 207.54 154.69 194.48 156.05 193.87 
114 10:21.250 145.73 218.06 151.77 208.93 156.01 196.09 157.45 195.15 
114 10:21.742 145.31 217.26 151.34 207.94 155.15 195.78 156.58 194.35 
114 10:30.250 153.77 999.00 160.85 999.00 165.47 999.00 167.40 999.00 
114 10:30.750 153.17 999.00 159.86 999.00 164.05 999.00 166.30 999.00 
114 10:31.250 152.36 999.00 158.95 999.00 162.91 999.00 164.85 999.00 
114 10:31.750 151.74 226.63 158.63 217.77 162.74 204.38 164.88 203.08 
114 10:32.250 151.91 226.51 158.63 217.65 163.20 204.44 164.74 203.22 
114 10:32.750 152.53 227.20 159.53 218.60 164.08 205.98 165.96 204.50 
114 10:33.250 154.39 229.80 161.44 221.38 166.49 208.43 168.03 207.05 
114 10:33.750 155.51 232.40 163.16 223.89 167.84 210.37 169.65 208.97 
114 10:34.250 155.58 231.86 163.26 223.75 168.27 210.78 170.20 209.54 
114 10:34.750 156.24 232.73 163.46 223.83 168.35 210.69 170.29 209.71 
114 10:35.250 156.38 232.98 163.72 224.43 168.02 210.76 170.22 209.90 
114 10:35.750 156.98 234.07 164.13 224.70 168.73 211.42 170.81 210.36 
114 10:36.250 158.21 234.96 165.71 226.55 170.34 212.99 171.90 211.88 
114 10:36.750 159.43 233.57 166.48 225.29 172.72 212.64 172.80 211.19 
114 10:45.250 163.33 999.00 171.61 999.00 176.37 999.00 178.93 999.00 
114 10:45.750 162.97 999.00 171.14 999.00 176.34 999.00 178.98 999.00 
114 10:46.250 163.07 999.00 171.58 999.00 176.75 999.00 178.72 999.00 
114 10:46.750 164.70 244.38 173.27 236.79 178.48 223.01 180.65 222.19 
114 10:47.250 163.55 243.57 171.87 235.34 177.00 222.21 179.49 220.80 
114 10:47.750 166.89 247.70 175.34 239.36 180.44 226.22 182.83 224.72 
114 10:48.250 168.42 249.60 176.84 241.48 182.90 228.41 185.08 227.08 
114 10:48.750 168.81 250.14 177.30 242.09 182.81 228.31 184.87 227.45 
114 10:49.250 168.20 249.34 176.21 240.92 181.37 226.78 183.50 226.54 
114 10:49.750 166.48 247.43 174.81 239.00 179.46 224.69 181.68 224.65 
114 10:50.250 166.05 246.38 174.23 237.68 178.66 223.98 181.09 223.98 
114 10:50.750 165.67 245.98 173.68 237.48 178.67 223.51 180.78 222.93 
114 10:51.250 165.74 246.10 173.83 237.54 178.51 223.47 180.88 223.07 
114 10:51.742 166.28 246.34 174.28 237.73 178.92 223.89 180.94 223.48 
114 11:00.300 121.90 999.00 124.67 999.00 127.23 999.00 128.05 999.00 
114 11:00.850 121.36 999.00 123.98 999.00 126.51 999.00 127.30 999.00 
114 11:01.408 121.79 999.00 124.73 999.00 127.66 999.00 128.32 999.00 
114 11:01.958 122.60 185.50 125.35 174.93 127.79 162.31 128.67 162.12 
114 11:02.517 124.46 188.29 127.55 177.60 130.03 164.95 130.94 164.92 
114 11:03.075 123.86 187.69 126.58 176.63 129.22 163.78 130.16 164.42 
114 11:03.625 123.86 187.43 126.52 176.49 128.94 163.56 130.01 164.04 
114 11:04.183 124.14 187.88 127.19 177.26 129.93 164.39 130.63 164.68 
114 11:04.733 126.47 191.04 129.73 180.69 132.46 167.61 133.38 168.12 
114 11:15.300 144.10 999.00 148.81 999.00 152.30 999.00 153.30 999.00 
114 11:15.850 147.92 999.00 153.46 999.00 157.45 999.00 158.29 999.00 
114 11:16.408 154.50 999.00 160.72 999.00 164.56 999.00 165.57 999.00 
114 11:16.958 158.21 236.71 164.30 225.90 168.14 211.17 169.32 212.83 
114 11:17.517 160.76 239.65 167.07 229.40 170.58 214.85 172.93 215.96 
114 11:18.075 159.61 237.73 165.50 227.59 169.29 213.11 171.67 214.05 
114 11:18.625 159.49 237.40 165.61 227.45 169.71 213.50 172.42 214.39 
114 11:19.183 163.06 243.54 168.71 230.56 171.25 216.40 175.45 219.52 
114 11:19.733 161.06 240.54 166.59 228.02 169.18 214.32 173.59 216.71 
114 11:45.283 220.76 999.00 226.18 999.00 227.06 999.00 236.94 999.00 
114 11:45.833 220.83 999.00 226.15 999.00 226.41 999.00 235.31 999.00 
114 11:46.392 219.24 999.00 225.10 999.00 225.65 999.00 234.72 999.00 
114 11:46.942 217.69 317.90 224.04 303.06 224.97 287.16 233.99 292.54 
114 11:47.500 216.90 316.86 223.37 301.42 224.79 286.34 232.35 291.40 
114 11:48.058 215.41 315.03 222.56 301.62 223.90 285.18 231.51 290.51 
114 11:48.608 214.15 313.88 221.45 300.63 223.52 283.58 230.64 289.00 
114 11:49.167 215.07 314.02 221.34 299.70 222.51 282.85 230.26 288.96 
114 11:49.717 211.72 310.09 218.14 296.46 219.31 279.17 226.81 284.54 
114 12:00.275 162.66 999.00 168.82 999.00 169.30 999.00 174.92 999.00 
114 12:00.817 163.82 999.00 169.96 999.00 170.29 999.00 176.20 999.00 
114 12:01.358 163.73 999.00 170.00 999.00 170.66 999.00 176.56 999.00 
114 12:01.908 163.27 244.19 169.48 230.72 170.26 217.59 176.26 222.05 
114 12:02.458 164.84 246.58 170.85 231.37 170.09 217.07 176.99 222.37 
114 12:03.000 164.79 246.96 170.74 231.25 169.91 216.72 176.50 221.98 
114 12:03.542 163.89 245.12 169.79 231.31 170.41 217.10 176.12 221.75 
114 12:04.092 163.98 244.18 169.28 229.94 170.25 216.48 176.33 220.83 
114 12:04.642 162.60 243.46 168.31 229.18 169.16 215.42 175.09 220.28 
114 12:05.183 162.78 243.21 168.71 229.57 169.34 216.04 175.85 220.77 
114 12:05.717 162.72 242.65 168.22 229.05 168.35 215.78 175.04 221.04 
114 12:15.283 193.12 999.00 200.10 999.00 203.78 999.00 207.98 999.00 
114 12:15.817 191.07 999.00 198.30 999.00 201.57 999.00 206.93 999.00 
114 12:16.358 189.70 999.00 196.35 999.00 200.31 999.00 205.54 999.00 
114 12:16.908 188.38 278.15 195.33 265.00 199.17 249.52 204.68 256.97 
114 12:17.458 186.94 277.18 194.20 264.10 197.96 248.70 202.74 255.58 
114 12:18.000 185.93 274.89 192.81 262.21 196.74 246.81 201.11 253.90 
114 12:18.542 184.61 273.55 191.82 260.90 195.93 244.76 200.01 252.42 
114 12:19.092 182.75 272.01 190.24 260.09 194.23 243.52 198.77 250.87 
114 12:19.642 182.92 271.28 189.97 258.59 194.63 243.23 198.74 249.56 
114 12:20.183 182.39 269.88 189.15 257.71 194.23 242.18 198.11 248.35 
114 12:20.717 180.24 267.13 187.50 255.69 192.37 240.34 196.06 245.48 
114 12:30.300 167.72 999.00 174.28 999.00 178.84 999.00 183.34 999.00 
114 12:30.850 166.84 999.00 173.43 999.00 177.75 999.00 182.33 999.00 
114 12:31.408 166.43 999.00 173.09 999.00 177.27 999.00 181.75 999.00 
114 12:31.958 165.70 246.82 172.49 236.57 176.74 221.68 181.36 224.61 
114 12:32.517 164.90 246.41 171.28 235.92 175.82 220.65 180.13 224.27 
114 12:33.075 164.48 245.47 170.86 235.24 175.43 219.94 179.41 223.48 
114 12:33.625 164.00 244.06 169.87 233.49 174.57 218.78 178.70 222.13 
114 12:34.183 162.93 242.74 169.12 232.65 173.63 217.24 177.95 221.26 
114 12:34.733 161.90 242.40 167.96 231.54 172.55 216.74 177.26 220.28 
114 12:45.275 125.29 190.33 128.03 179.14 131.11 166.04 133.05 167.76 
114 12:45.817 126.03 190.80 128.54 179.52 131.27 166.13 133.45 168.17 
114 12:46.358 125.75 190.61 128.34 179.29 131.05 165.78 133.32 168.02 
114 12:46.908 125.50 189.98 127.99 178.65 130.71 165.48 132.84 167.36 
114 12:47.458 124.82 189.34 127.25 178.19 129.95 164.79 132.09 166.91 
114 12:48.000 124.47 188.85 126.89 177.73 129.83 164.43 131.77 166.42 
114 12:48.542 124.40 188.66 126.77 177.40 129.57 163.95 131.52 165.96 
114 12:49.092 124.22 188.51 126.50 177.21 129.22 163.95 131.25 166.42 
114 12:49.642 124.11 188.11 126.38 176.86 128.98 163.52 131.18 165.49 
114 12:50.183 123.74 187.60 126.14 176.42 128.84 163.06 130.89 165.00 
114 12:50.717 122.74 186.48 124.89 175.21 127.62 162.05 129.90 164.07 
114 13:00.283 147.99 999.00 152.75 999.00 156.94 999.00 160.43 999.00 
114 13:00.817 147.89 999.00 152.89 999.00 157.19 999.00 160.45 999.00 
114 13:01.358 147.84 999.00 152.70 999.00 156.89 999.00 160.38 999.00 
114 13:01.908 147.98 221.84 152.87 211.88 157.00 196.92 160.38 199.64 
114 13:02.458 147.91 222.50 152.83 211.93 156.80 197.15 160.38 200.34 
114 13:03.000 148.15 222.77 152.60 211.89 157.05 197.23 160.09 200.34 
114 13:03.542 148.13 222.82 152.94 211.94 157.09 197.47 160.49 200.92 
114 13:04.092 148.33 222.93 152.95 212.23 157.32 197.34 160.67 200.88 
114 13:04.642 148.34 223.02 153.20 212.11 157.29 197.40 161.04 200.91 
114 13:05.183 148.65 223.33 153.21 212.15 157.50 197.80 160.56 200.78 
114 13:05.725 150.44 222.78 154.40 210.59 158.58 195.09 161.10 195.73 
114 13:15.283 148.89 999.00 153.55 999.00 157.14 999.00 160.96 999.00 
114 13:15.817 149.10 999.00 153.53 999.00 157.56 999.00 160.99 999.00 
114 13:16.358 149.27 999.00 153.68 999.00 157.47 999.00 161.37 999.00 
114 13:16.908 149.40 225.82 153.66 213.29 157.93 198.71 161.49 203.36 
114 13:17.458 149.74 225.29 154.34 213.53 158.34 199.18 161.93 202.39 
114 13:18.000 150.33 226.14 154.83 214.31 158.75 199.67 162.32 202.58 
114 13:18.542 150.73 227.08 155.32 214.79 159.00 200.08 162.73 203.11 
114 13:19.092 151.17 228.04 155.93 215.50 159.77 201.11 163.18 203.98 
114 13:19.642 151.77 228.64 156.56 216.34 160.23 201.80 163.50 204.80 
114 13:20.183 152.65 229.75 157.49 217.37 161.27 202.66 164.85 206.26 
114 13:20.717 153.29 230.35 157.82 218.20 161.55 203.58 165.33 206.54 
114 13:30.283 170.78 999.00 175.22 999.00 178.08 999.00 185.70 999.00 
114 13:30.833 171.23 999.00 175.33 999.00 178.64 999.00 186.17 999.00 
114 13:31.392 172.07 999.00 176.28 999.00 180.12 999.00 186.20 999.00 
114 13:31.942 172.69 999.00 176.34 999.00 179.81 999.00 186.10 999.00 
114 13:32.500 172.91 257.42 177.07 241.54 180.35 228.26 186.27 235.26 
114 13:33.058 173.66 258.42 177.24 241.57 180.26 228.64 187.00 236.43 
114 13:33.608 173.25 257.82 177.04 241.73 180.41 228.41 187.36 236.66 
114 13:34.167 173.27 258.19 177.43 241.91 180.58 228.68 187.58 237.43 
114 13:34.725 176.58 260.75 179.08 243.43 183.95 228.24 189.02 233.75 
114 13:45.275 158.34 239.64 159.56 218.97 159.77 204.32 164.79 213.30 
114 13:45.817 158.81 239.83 159.80 219.47 160.19 204.73 165.29 213.75 
114 13:46.358 158.55 239.65 159.48 219.18 159.97 204.67 165.41 213.59 
114 13:46.908 158.83 239.45 159.97 219.21 160.71 204.58 165.89 213.41 
114 13:47.458 159.47 240.46 160.65 220.36 161.07 205.60 165.76 214.43 
114 13:48.000 160.91 243.48 161.82 221.31 161.62 206.84 166.94 216.55 
114 13:48.542 159.84 242.13 161.12 220.23 161.11 206.65 167.25 216.12 
114 13:49.092 160.28 242.32 161.53 221.13 161.47 206.29 166.88 215.94 
114 13:49.642 159.60 241.92 161.23 221.17 160.95 206.65 166.59 216.16 
114 13:50.183 160.07 241.09 162.03 221.41 162.06 207.02 167.34 215.64 
114 13:50.725 163.02 242.50 163.64 222.47 163.97 205.69 168.18 211.23 
114 14:00.283 159.79 999.00 164.89 999.00 165.51 999.00 168.33 999.00 
114 14:00.817 157.14 999.00 162.36 999.00 163.44 999.00 165.98 999.00 
114 14:01.358 155.52 999.00 160.72 999.00 162.03 999.00 164.54 999.00 
114 14:01.908 154.05 999.00 159.51 999.00 160.71 999.00 162.85 999.00 
114 14:02.458 152.99 231.84 158.50 217.65 159.63 201.57 161.65 205.08 
114 14:03.000 152.67 230.94 158.39 217.58 159.85 201.17 161.42 204.18 
114 14:03.542 152.61 230.97 158.26 217.72 159.81 201.31 161.35 204.80 
114 14:04.092 152.24 230.74 158.24 217.74 159.96 201.44 161.25 204.63 
114 14:04.642 152.28 230.70 157.89 217.38 159.83 201.15 161.31 204.55 
114 14:05.183 152.29 230.76 158.23 217.67 160.23 201.64 161.46 205.14 
114 14:05.725 154.50 231.36 159.38 217.95 162.39 200.44 162.40 200.99 
114 14:15.283 178.99 999.00 184.25 999.00 184.29 999.00 187.19 999.00 
114 14:15.817 179.72 999.00 184.74 999.00 184.47 999.00 187.47 999.00 
114 14:16.358 179.65 999.00 184.60 999.00 184.42 999.00 187.75 999.00 
114 14:16.908 180.36 999.00 184.51 999.00 184.88 999.00 188.21 999.00 
114 14:17.458 182.08 272.74 185.80 255.64 185.27 235.58 189.10 242.51 
114 14:18.000 181.12 271.37 184.86 254.76 185.75 235.10 188.97 242.18 
114 14:18.542 180.39 271.02 183.20 252.83 185.14 233.56 189.33 241.69 
114 14:19.092 180.15 270.95 182.65 251.93 184.24 233.30 188.65 241.91 
114 14:19.642 180.71 272.30 182.83 252.21 184.39 233.63 189.14 243.34 
114 14:20.183 180.42 270.03 183.38 252.36 185.06 233.69 188.82 242.16 
114 14:20.717 178.55 267.89 182.10 251.95 184.37 232.13 187.42 239.94 
114 14:30.283 170.77 999.00 175.98 999.00 178.42 999.00 179.86 999.00 
114 14:30.817 169.31 999.00 175.24 999.00 177.16 999.00 179.35 999.00 
114 14:31.358 169.99 999.00 175.85 999.00 178.07 999.00 180.10 999.00 
114 14:31.908 169.70 999.00 175.21 999.00 177.35 999.00 179.85 999.00 
114 14:32.458 169.76 253.50 174.73 239.57 175.27 221.76 178.73 226.73 
114 14:33.000 170.14 253.71 175.65 241.18 176.39 222.58 179.48 226.94 
114 14:33.542 169.55 252.96 174.86 239.89 176.02 220.93 179.24 227.23 
114 14:34.092 167.93 252.59 173.90 238.81 175.40 220.05 177.76 225.44 
114 14:34.642 166.98 250.08 173.36 238.32 175.58 219.97 177.07 223.80 
114 14:35.183 165.01 246.76 171.53 236.53 174.42 218.74 176.23 221.44 
114 14:35.725 168.28 247.96 172.71 234.28 175.02 213.92 176.36 217.65 
114 14:45.283 171.49 999.00 178.43 999.00 180.44 999.00 182.00 999.00 
114 14:45.833 169.48 999.00 176.33 999.00 178.69 999.00 179.89 999.00 
114 14:46.392 168.99 999.00 175.60 999.00 177.52 999.00 178.91 999.00 
114 14:46.942 168.08 999.00 174.05 999.00 175.85 999.00 178.29 999.00 
114 14:47.500 167.93 251.00 173.52 236.56 175.49 220.38 178.04 224.27 
114 14:48.058 168.33 252.04 173.92 237.76 174.80 220.44 177.46 225.31 
114 14:48.608 168.64 252.78 174.53 238.35 175.43 221.26 178.36 225.84 
114 14:49.167 167.65 250.67 173.67 236.92 175.28 220.86 178.63 224.69 
114 14:49.717 165.44 247.34 171.23 234.10 173.33 218.22 176.71 222.10 
114 15:00.275 154.20 999.00 159.58 999.00 161.83 999.00 163.69 999.00 
114 15:00.817 153.21 999.00 158.08 999.00 160.61 999.00 163.31 999.00 
114 15:01.358 152.56 999.00 157.29 999.00 159.95 999.00 162.18 999.00 
114 15:01.908 152.77 999.00 157.43 999.00 159.97 999.00 162.62 999.00 
114 15:02.458 152.39 228.48 156.66 215.11 159.64 202.05 162.12 203.55 
114 15:03.000 152.23 229.33 156.08 215.65 159.29 203.03 163.21 205.57 
114 15:03.542 153.32 230.96 157.07 216.69 159.80 203.58 163.67 206.71 
114 15:04.092 152.96 230.45 156.99 217.12 159.83 203.48 163.39 206.14 
114 15:04.642 152.50 230.03 156.42 215.82 159.11 202.33 163.01 206.02 
114 15:05.183 152.16 229.29 156.55 216.27 159.55 202.62 162.71 205.09 
114 15:05.717 153.35 230.20 158.01 217.93 161.17 204.26 163.36 205.97 
114 15:15.283 144.19 999.00 149.45 999.00 152.73 999.00 154.10 999.00 
114 15:15.817 142.96 999.00 147.75 999.00 151.00 999.00 152.56 999.00 
114 15:16.358 141.71 999.00 146.20 999.00 149.85 999.00 151.09 999.00 
114 15:16.908 140.47 999.00 145.37 999.00 148.67 999.00 149.78 999.00 
114 15:17.458 139.49 209.05 144.18 198.43 147.22 184.80 148.09 185.12 
114 15:18.000 138.59 208.08 142.89 197.43 145.86 183.94 147.03 184.27 
114 15:18.542 137.12 206.53 141.65 196.39 145.12 183.19 146.09 182.94 
114 15:19.092 136.77 205.38 141.34 195.55 144.75 182.54 145.81 182.25 
114 15:19.642 136.51 204.81 141.02 195.17 144.37 182.03 145.06 181.79 
114 15:20.183 135.36 203.91 139.97 193.86 143.35 180.76 144.15 180.62 
114 15:20.725 136.02 201.46 139.95 191.29 143.78 176.53 143.80 175.52 
114 15:30.283 137.99 999.00 142.78 999.00 146.57 999.00 147.66 999.00 
114 15:30.833 138.72 999.00 144.02 999.00 148.40 999.00 149.64 999.00 
114 15:31.392 140.28 999.00 145.84 999.00 149.88 999.00 151.19 999.00 
114 15:31.942 140.99 999.00 146.74 999.00 150.92 999.00 152.42 999.00 
114 15:32.500 141.35 212.53 147.16 203.62 151.22 190.90 152.35 188.83 
114 15:33.058 141.36 212.09 146.80 203.38 151.38 190.50 152.44 189.36 
114 15:33.608 140.45 210.82 146.00 202.19 150.86 189.76 152.01 188.47 
114 15:34.167 138.69 208.57 144.31 199.76 149.12 187.27 150.01 186.60 
114 15:34.717 139.47 209.70 145.00 200.96 150.60 189.28 151.82 187.71 
114 15:45.283 144.50 999.00 149.31 999.00 151.99 999.00 153.62 999.00 
114 15:45.833 144.89 999.00 149.87 999.00 152.41 999.00 153.92 999.00 
114 15:46.392 145.97 999.00 150.77 999.00 153.13 999.00 154.76 999.00 
114 15:46.942 147.74 999.00 152.67 999.00 154.89 999.00 156.61 999.00 
114 15:47.500 148.30 223.29 153.28 210.42 155.78 197.53 157.14 198.39 
114 15:48.058 148.75 223.63 153.14 210.51 155.88 197.55 157.45 199.21 
114 15:48.608 149.89 225.79 154.31 211.41 156.37 198.67 158.44 200.73 
114 15:49.167 149.96 225.65 154.27 211.72 156.53 198.65 158.62 200.79 
114 15:49.725 152.37 225.02 155.66 210.12 158.29 194.74 160.13 195.69 
114 16:00.275 142.23 999.00 146.21 999.00 146.99 999.00 150.14 999.00 
114 16:00.833 141.55 999.00 145.66 999.00 146.49 999.00 149.12 999.00 
114 16:01.392 139.84 999.00 143.98 999.00 144.98 999.00 147.38 999.00 
114 16:01.942 139.09 999.00 143.09 999.00 144.17 999.00 147.97 999.00 
114 16:02.500 137.88 209.29 141.78 194.38 142.92 182.43 146.69 185.92 
114 16:03.058 136.60 207.63 140.37 193.41 141.65 182.18 145.45 184.64 
114 16:03.608 135.86 206.47 139.74 192.69 141.08 180.81 144.38 183.23 
114 16:04.167 134.14 203.63 138.01 190.49 139.17 178.53 142.32 180.47 
114 16:04.717 131.83 200.41 135.29 187.28 137.00 175.20 139.65 177.17 
114 16:15.283 136.65 999.00 142.06 999.00 145.21 999.00 145.87 999.00 
114 16:15.833 135.28 999.00 140.40 999.00 143.57 999.00 144.28 999.00 
114 16:16.392 133.80 999.00 138.70 999.00 141.90 999.00 142.31 999.00 
114 16:16.942 133.81 999.00 138.90 999.00 142.22 999.00 143.09 999.00 
114 16:17.500 132.51 198.66 137.28 188.90 140.47 176.72 141.16 175.77 
114 16:18.058 131.58 198.22 136.56 188.74 139.66 176.41 140.23 175.82 
114 16:18.608 131.79 198.71 136.96 189.18 140.31 177.23 140.80 176.53 
114 16:19.167 132.22 198.87 137.16 189.22 140.31 177.20 141.04 176.23 
114 16:19.717 131.69 198.23 136.49 189.04 140.00 177.08 140.69 176.08 
114 16:31.283 128.37 999.00 132.50 999.00 137.67 999.00 138.66 999.00 
114 16:31.817 128.86 999.00 133.25 999.00 138.32 999.00 139.37 999.00 
114 16:32.358 127.56 999.00 131.75 999.00 136.92 999.00 137.88 999.00 
114 16:32.908 126.02 189.61 129.99 180.77 135.06 169.64 136.00 168.04 
114 16:33.458 123.85 187.12 127.74 178.10 132.33 167.11 133.18 165.31 
114 16:34.000 121.25 183.31 124.88 174.51 129.66 164.09 130.67 162.15 
114 16:34.542 120.96 182.63 124.56 174.34 129.58 163.58 130.95 161.71 
114 16:35.092 121.28 183.02 124.60 174.57 129.75 163.84 130.73 161.95 
114 16:35.642 121.54 183.73 125.04 175.17 130.14 164.62 131.34 163.02 
114 16:36.183 120.50 182.28 123.90 174.00 129.11 163.41 130.59 162.17 
114 16:36.717 118.50 179.55 121.56 170.76 126.85 160.64 128.33 159.61 
114 16:45.275 117.82 178.46 120.97 169.52 125.81 159.35 126.83 158.07 
114 16:45.833 117.98 178.61 121.25 169.73 126.06 159.55 127.38 158.15 
114 16:46.392 118.36 179.04 121.54 170.47 126.77 160.39 128.16 158.85 
114 16:46.942 117.57 177.80 120.75 169.50 125.89 159.54 127.88 158.03 
114 16:47.500 117.75 178.33 121.13 170.02 126.35 160.01 128.01 158.21 
114 16:48.058 117.27 177.75 120.54 169.34 125.76 159.28 127.40 157.56 
114 16:48.608 115.90 175.89 119.00 167.48 123.97 157.49 125.80 156.18 
114 16:49.167 114.48 173.85 117.21 164.89 122.09 155.12 123.92 153.83 
114 16:49.717 113.89 173.26 116.61 164.34 121.40 154.28 122.67 152.78 
114 17:00.283 109.39 999.00 109.41 999.00 113.90 999.00 114.99 999.00 
114 17:00.833 108.95 999.00 108.89 999.00 113.25 999.00 114.46 999.00 
114 17:01.392 107.90 999.00 108.05 999.00 112.06 999.00 112.84 999.00 
114 17:01.942 109.21 999.00 109.19 999.00 113.29 999.00 113.96 999.00 
114 17:02.500 109.69 999.00 109.90 999.00 114.04 999.00 114.81 999.00 
114 17:03.058 109.33 164.49 109.48 155.31 113.60 145.09 114.41 143.49 
114 17:03.608 109.54 164.64 109.68 155.59 113.51 144.96 114.16 143.58 
114 17:04.167 109.48 164.70 109.60 155.44 113.72 145.33 114.52 143.88 
114 17:04.717 108.81 163.83 108.79 154.60 113.02 144.33 113.88 143.04 
114 17:15.275 114.27 999.00 114.47 999.00 119.22 999.00 120.31 999.00 
114 17:15.833 114.64 999.00 114.68 999.00 119.06 999.00 119.71 999.00 
114 17:16.392 114.63 999.00 115.35 999.00 118.99 999.00 119.12 999.00 
114 17:16.942 112.55 999.00 114.79 999.00 118.66 999.00 118.96 999.00 
114 17:17.500 112.41 999.00 114.71 999.00 118.77 999.00 119.20 999.00 
114 17:18.058 112.72 171.38 115.14 162.02 119.31 151.63 119.76 150.07 
114 17:18.608 112.56 171.11 114.97 161.72 119.17 151.27 119.75 149.74 
114 17:19.167 112.71 171.29 114.84 161.81 118.80 150.85 119.15 149.19 
114 17:19.717 111.49 169.63 113.49 159.95 116.96 149.11 117.24 147.54 
114 17:31.283 121.83 999.00 124.70 999.00 129.16 999.00 129.74 999.00 
114 17:31.833 121.37 999.00 124.47 999.00 128.96 999.00 129.80 999.00 
114 17:32.392 120.33 999.00 123.40 999.00 128.20 999.00 129.05 999.00 
114 17:32.942 120.63 182.65 123.69 173.25 128.46 162.45 129.24 160.70 
114 17:33.500 121.54 183.24 124.77 174.18 129.39 163.46 130.07 161.80 
114 17:34.058 124.25 187.34 127.77 178.52 132.99 167.93 133.91 166.07 
114 17:34.608 125.55 188.66 129.30 180.31 134.28 169.43 134.71 167.12 
114 17:35.167 125.86 189.30 129.72 180.74 134.75 170.04 135.21 167.92 
114 17:35.725 126.59 186.87 129.71 178.25 135.19 165.57 135.45 162.56 
114 17:45.283 130.74 196.25 135.18 186.23 139.37 175.64 140.34 174.52 
114 17:45.833 130.91 196.29 135.19 186.38 139.38 175.70 139.84 174.73 
114 17:46.392 130.61 196.22 134.98 186.30 138.87 175.18 139.83 174.91 
114 17:46.942 131.01 197.18 135.59 187.21 139.61 175.44 140.13 175.30 
114 17:47.500 133.60 200.60 137.71 188.69 140.74 177.44 141.56 178.06 
114 17:48.058 137.91 207.27 142.11 194.65 144.22 182.26 145.27 183.94 
114 17:48.608 139.09 209.31 143.76 196.69 145.32 183.10 145.25 184.77 
114 17:49.167 137.20 206.64 141.71 194.16 142.98 180.50 143.38 182.34 
114 17:49.717 136.39 205.55 140.36 193.17 141.65 179.67 142.10 181.49 
114 18:00.275 131.47 198.62 134.86 185.38 136.42 172.48 136.35 174.05 
114 18:00.833 131.37 198.76 135.54 186.14 137.63 173.34 136.85 174.46 
114 18:01.392 130.99 198.53 135.13 185.75 137.53 173.22 136.82 173.88 
114 18:01.942 129.27 195.78 133.25 183.15 135.80 171.05 135.27 171.94 
114 18:02.500 127.68 193.35 131.48 181.28 134.44 169.37 133.62 169.64 
114 18:03.058 126.49 191.79 130.38 179.90 133.81 168.55 133.55 168.16 
114 18:03.608 125.40 190.07 129.24 178.55 132.75 167.60 132.33 167.03 
114 18:04.167 125.48 189.55 128.93 178.22 132.45 166.96 132.24 166.67 
114 18:04.725 126.29 187.12 129.26 176.16 133.67 163.18 133.17 161.66 
114 18:15.275 121.29 999.00 124.81 999.00 129.36 999.00 130.08 999.00 
114 18:15.817 121.04 999.00 124.30 999.00 128.58 999.00 129.33 999.00 
114 18:16.358 121.29 999.00 124.62 999.00 129.21 999.00 130.03 999.00 
114 18:16.908 121.22 999.00 124.74 999.00 129.59 999.00 130.71 999.00 
114 18:17.458 120.87 999.00 124.32 999.00 129.25 999.00 130.64 999.00 
114 18:18.000 120.94 181.50 124.31 173.22 129.34 163.16 130.92 161.85 
114 18:18.542 120.61 181.72 124.16 173.33 129.49 163.53 131.24 162.11 
114 18:19.092 122.70 185.15 126.60 176.24 131.76 166.77 133.01 165.11 
114 18:19.642 122.88 185.24 126.92 176.59 132.02 166.92 133.12 165.20 
114 18:20.183 122.94 185.23 126.86 176.44 131.63 166.52 132.61 164.96 
114 18:20.717 121.99 183.81 125.89 175.01 130.66 165.25 131.63 163.82 
/
