GAIN BR ALTAZ DPFU=0.027,0.026 POLY=0.357,2.883E-02,-3.229E-04 /
TSYS BR timeoff=0.0 FT=1.0 INDEX='R1:2','L1:2','R3:4','L3:4','R5:6','L5:6','R7:8','L7:8' /
113 15:15.275 105.53 161.1 104.31 148.2 105.72 136.6 107.06 140.6 
113 15:15.825 105.54 161.0 104.27 148.0 105.57 136.4 107.2 140.4 
113 15:16.375 105.15 160.7 104.12 147.9 105.44 136.1 107.14 140.4 
113 15:16.925 104.91 160.4 103.95 148.0 105.36 136.0 107.0 140.2 
113 15:17.475 104.94 160.4 103.88 147.8 105.23 135.9 106.71 139.8 
113 15:18.025 104.84 160.4 103.82 147.8 105.2 135.6 106.6 139.6 
113 15:18.575 104.83 160.0 103.73 147.6 105.19 135.4 106.44 139.5 
113 15:19.125 104.48 159.9 103.41 147.5 105.09 135.4 106.4 139.5 
113 15:19.675 104.45 159.8 103.42 147.5 105.05 135.3 106.15 139.4 
113 15:20.225 106.96 160.4 104.88 147.7 106.93 135.0 107.52 137.0 
113 16:15.283 145.18 217.2 149.99 205.2 151.7 190.3 153.91 195.6 
113 16:15.817 144.51 217.3 149.25 204.6 151.14 190.1 153.56 195.6 
113 16:16.358 144.21 217.0 149.1 204.2 150.42 189.5 153.24 194.8 
113 16:16.908 143.93 216.1 148.7 203.8 150.03 189.1 152.84 194.1 
113 16:17.458 143.75 215.8 148.47 203.2 149.79 188.6 152.46 193.8 
113 16:18.000 143.48 215.4 147.91 202.6 149.25 188.4 152.28 193.6 
113 16:18.542 143.36 215.1 147.89 202.3 148.99 187.9 151.98 193.1 
113 16:19.092 142.88 214.3 147.55 202.2 148.96 187.4 151.32 192.5 
113 16:19.642 142.88 214.0 147.2 201.7 148.51 186.8 150.97 192.1 
113 16:20.183 142.25 213.3 146.59 201.3 148.19 186.3 150.56 191.9 
113 16:20.717 141.37 212.3 145.87 200.4 147.35 185.4 149.69 191.2 
113 16:30.275 136.66 205.7 140.67 193.5 142.26 179.2 144.48 184.2 
113 16:30.817 136.18 205.6 140.08 193.1 141.57 178.9 143.91 184.4 
113 16:31.358 136.01 205.0 139.85 192.9 141.49 178.5 143.36 183.5 
113 16:31.908 135.89 204.8 139.91 192.4 141.05 178.2 143.42 182.9 
113 16:32.458 135.39 204.0 139.49 192.2 141.22 177.9 143.01 182.6 
113 16:33.000 135.21 203.7 139.32 192.0 140.71 177.6 142.78 182.1 
113 16:33.542 134.99 203.6 138.89 191.3 140.36 177.1 142.31 181.9 
113 16:34.092 134.61 203.3 138.4 190.8 139.69 176.9 142.21 181.6 
113 16:34.642 134.47 203.1 138.21 190.5 139.52 177.0 142.08 181.0 
113 16:35.183 134.35 202.6 138.05 190.1 139.29 176.5 141.92 180.6 
113 16:35.717 133.63 201.7 137.8 189.6 139.35 175.9 141.22 180.0 
113 16:45.275 129.51 195.8 132.98 184.0 134.64 170.4 136.4 174.3 
113 16:45.817 129.38 195.7 132.61 183.6 134.08 170.3 136.09 174.1 
113 16:46.358 129.01 195.1 132.63 183.3 134.23 170.0 136.14 173.3 
113 16:46.908 128.75 194.8 132.2 183.0 133.91 169.7 135.42 173.4 
113 16:47.458 128.59 194.6 132.19 182.9 133.48 169.6 135.46 173.0 
113 16:48.000 128.54 194.3 132.04 182.5 133.39 169.0 135.13 172.6 
113 16:48.542 128.07 193.9 131.81 182.3 133.05 168.4 134.79 172.6 
113 16:49.092 128.23 193.8 131.59 182.0 132.62 168.0 134.49 172.4 
113 16:49.642 127.75 193.4 131.42 181.9 132.69 167.9 134.12 171.5 
113 16:50.183 127.72 193.0 131.14 181.6 132.55 167.4 134.22 171.6 
113 16:50.717 127.16 192.3 130.32 180.6 131.77 167.3 133.45 171.0 
113 17:01.275 123.86 187.7 126.94 176.8 129.39 163.6 130.07 166.7 
113 17:01.817 123.71 187.5 126.72 176.6 129.36 163.4 129.85 166.5 
113 17:02.358 123.52 187.3 126.58 176.4 129.05 163.2 130.09 166.3 
113 17:02.908 123.54 187.0 126.44 176.2 128.97 163.0 129.9 166.1 
113 17:03.458 123.58 186.8 126.37 176.0 128.49 162.9 129.7 165.9 
113 17:04.000 123.52 186.6 126.28 175.8 128.32 162.7 129.62 165.6 
113 17:04.542 123.57 186.3 126.05 175.6 127.9 162.5 129.11 165.4 
113 17:05.092 123.39 186.1 126.17 175.4 128.0 162.3 129.13 165.2 
113 17:05.642 122.97 185.8 125.89 175.2 128.09 162.1 128.73 165.0 
113 17:06.183 122.67 185.7 125.74 175.3 128.04 161.6 128.72 164.9 
113 17:06.717 122.04 185.0 124.96 174.5 127.07 161.0 127.94 164.1 
113 17:15.275 120.69 182.4 123.71 172.1 125.61 159.5 126.38 161.5 
113 17:15.817 120.48 182.0 123.51 171.8 125.62 159.4 126.18 161.6 
113 17:16.358 120.24 181.8 123.39 171.6 125.52 159.0 126.03 161.1 
113 17:16.908 120.15 181.8 123.1 171.4 125.09 158.7 125.93 161.3 
113 17:17.458 120.0 181.8 122.96 170.9 124.6 158.2 125.45 161.2 
113 17:18.000 119.66 181.0 122.78 170.7 124.58 158.1 125.45 160.4 
113 17:18.542 119.68 181.0 122.54 170.8 124.58 158.2 125.43 160.4 
113 17:19.092 119.65 180.8 122.54 170.4 124.31 157.8 125.16 160.3 
113 17:19.642 119.44 180.8 122.26 170.1 124.1 157.0 124.57 159.9 
113 17:20.183 119.34 180.6 122.42 170.4 124.16 157.0 124.6 159.8 
113 17:20.717 118.47 179.3 121.56 169.3 123.55 156.6 124.11 159.2 
113 17:30.275 97.74 151.8 98.17 140.8 99.76 129.2 99.96 131.5 
113 17:30.817 97.68 151.6 98.16 140.7 99.75 129.2 99.91 131.3 
113 17:31.358 97.72 151.5 98.11 140.5 99.72 129.1 100.05 131.5 
113 17:31.908 97.6 151.4 98.17 140.5 99.61 129.0 99.93 131.3 
113 17:32.458 97.64 151.5 98.03 140.5 99.63 128.9 99.83 131.5 
113 17:33.000 97.45 151.4 97.96 140.5 99.48 128.9 99.71 131.4 
113 17:33.542 97.38 151.2 97.94 140.4 99.48 128.8 99.75 131.5 
113 17:34.092 97.43 151.3 97.99 140.4 99.4 128.7 99.58 131.3 
113 17:34.642 97.34 151.2 97.84 140.3 99.36 128.7 99.5 131.2 
113 17:35.183 97.4 151.3 97.8 140.2 99.24 128.6 99.4 131.4 
113 17:35.725 99.67 151.3 99.46 140.3 101.36 128.0 100.9 129.7 
113 17:45.283 113.82 172.7 116.18 162.8 118.53 151.3 119.17 152.7 
113 17:45.817 113.76 172.6 116.25 162.7 118.51 150.6 119.15 152.3 
113 17:46.358 113.68 172.8 116.01 162.6 118.28 150.5 118.86 152.2 
113 17:46.908 113.82 172.4 116.07 162.4 118.26 150.3 118.87 152.1 
113 17:47.458 113.55 172.6 115.83 162.4 118.16 150.4 118.82 152.0 
113 17:48.000 113.43 172.4 115.77 162.2 117.99 150.1 118.75 152.0 
113 17:48.542 113.39 172.0 115.59 162.1 117.88 150.1 118.39 151.6 
113 17:49.092 113.43 171.9 115.65 162.2 117.87 150.0 118.49 151.4 
113 17:49.642 113.29 172.0 115.6 161.9 117.93 150.0 118.42 151.6 
113 17:50.183 113.16 172.0 115.37 161.7 117.69 149.8 118.18 151.4 
113 17:50.725 116.05 172.2 118.15 162.0 120.2 149.3 119.9 150.1 
113 18:00.275 111.76 169.8 113.97 159.7 116.18 148.0 116.8 149.0 
113 18:00.817 111.89 169.7 114.03 159.5 116.13 147.8 116.89 149.1 
113 18:01.358 111.65 169.7 113.89 159.5 116.06 147.7 116.47 149.0 
113 18:01.908 111.46 169.4 113.71 159.4 116.01 147.6 116.76 149.0 
113 18:02.458 111.27 169.3 113.6 159.3 115.92 147.6 116.44 149.1 
113 18:03.000 111.37 169.2 113.45 159.2 115.86 147.5 116.32 148.9 
113 18:03.542 111.2 168.9 113.33 159.0 115.82 147.4 116.28 148.7 
113 18:04.092 110.95 169.0 113.3 159.0 115.71 147.5 116.25 148.9 
113 18:04.642 111.26 169.1 113.55 159.0 115.74 147.3 116.27 148.9 
113 18:05.183 111.05 169.1 113.22 159.0 115.61 147.3 116.12 149.0 
113 18:05.717 110.77 168.8 112.89 158.6 114.94 146.8 115.47 148.6 
113 18:15.275 109.78 166.9 111.93 157.6 114.71 145.6 114.6 147.3 
113 18:15.817 109.91 167.2 112.09 157.5 114.58 145.4 114.48 147.3 
113 18:16.358 109.94 167.2 112.04 157.4 114.41 145.6 114.35 147.3 
113 18:16.908 109.88 167.2 111.87 157.2 114.52 145.9 114.65 147.1 
113 18:17.458 109.59 167.1 111.69 157.2 114.38 146.0 114.61 146.9 
113 18:18.000 109.74 167.2 111.72 157.1 114.27 145.6 114.55 147.0 
113 18:18.542 109.61 166.9 111.72 157.0 114.0 145.4 114.53 146.6 
113 18:19.092 109.55 166.9 111.64 157.1 114.1 145.5 114.4 146.6 
113 18:19.642 109.48 166.7 111.72 157.0 114.27 145.3 114.38 146.8 
113 18:20.183 109.44 166.8 111.76 157.2 114.31 145.4 114.43 146.6 
113 18:20.717 108.89 166.0 111.12 156.5 113.8 144.9 113.94 146.0 
113 18:30.283 119.03 178.8 122.16 169.5 125.72 158.2 125.98 159.2 
113 18:30.817 118.8 179.5 121.96 170.2 125.51 159.0 126.2 159.9 
113 18:31.358 118.93 179.4 122.06 170.0 125.46 158.7 126.17 159.8 
113 18:31.908 118.77 179.3 122.0 170.0 125.4 158.6 126.01 159.5 
113 18:32.458 118.95 179.2 121.93 169.7 125.06 158.2 125.75 159.1 
113 18:33.000 118.74 179.0 121.67 169.5 125.14 158.2 125.87 159.0 
113 18:33.542 118.5 178.6 121.64 169.4 124.94 158.0 125.77 158.5 
113 18:34.092 118.37 178.6 121.41 169.3 124.82 157.8 125.43 158.2 
113 18:34.642 118.24 178.2 121.38 169.4 125.05 157.6 125.24 158.5 
113 18:35.183 117.97 177.9 121.13 169.2 124.72 157.3 125.03 158.4 
113 18:35.717 117.73 177.6 120.93 168.7 124.52 157.0 124.73 158.1 
113 18:45.275 108.16 164.6 110.21 155.1 113.1 144.3 113.46 144.7 
113 18:45.817 108.22 164.6 110.2 155.1 113.27 144.3 113.6 144.8 
113 18:46.358 108.22 164.6 110.26 155.2 113.28 144.4 113.76 144.8 
113 18:46.908 108.52 164.9 110.38 155.3 113.2 144.5 113.63 144.8 
113 18:47.458 108.39 165.0 110.4 155.3 113.24 144.4 113.72 144.8 
113 18:48.000 108.46 164.9 110.47 155.2 113.06 144.2 113.59 144.8 
113 18:48.542 108.19 164.6 110.27 155.0 112.9 144.1 113.56 144.4 
113 18:49.092 107.95 164.3 110.02 154.8 112.81 143.9 113.38 144.3 
113 18:49.642 108.0 164.2 109.87 154.7 112.82 143.7 113.41 144.2 
113 18:50.183 107.96 164.3 109.99 154.8 112.84 143.9 113.53 144.3 
113 18:50.717 107.75 163.9 109.79 154.6 112.41 143.4 112.81 143.8 
113 19:00.275 107.26 163.4 109.33 154.5 112.43 143.1 112.82 143.6 
113 19:00.817 107.32 163.5 109.31 154.2 112.5 143.3 112.82 143.7 
113 19:01.358 107.29 163.6 109.31 154.2 112.58 143.6 113.04 144.1 
113 19:01.908 107.41 163.7 109.4 154.2 112.61 143.6 113.0 143.9 
113 19:02.458 107.45 163.8 109.36 154.1 112.5 143.5 112.83 144.2 
113 19:03.000 107.35 163.6 109.37 154.1 112.46 143.5 113.15 144.2 
113 19:03.542 107.39 163.6 109.26 154.2 112.57 143.6 113.08 143.9 
113 19:04.092 107.34 163.4 109.2 154.0 112.46 143.4 112.99 143.8 
113 19:04.642 107.52 163.5 109.36 154.0 112.52 143.4 112.88 143.9 
113 19:05.183 107.28 163.6 109.22 154.1 112.54 143.5 113.06 144.0 
113 19:05.725 109.66 163.7 110.81 154.0 114.21 141.6 114.29 141.1 
113 19:15.283 106.87 162.9 108.85 153.6 112.09 143.0 112.77 143.4 
113 19:15.833 106.77 162.8 108.82 153.7 112.25 142.9 112.81 143.5 
113 19:16.392 106.66 162.7 108.63 153.7 112.17 142.8 112.78 143.4 
113 19:16.942 106.74 162.7 108.52 153.4 111.9 142.7 112.48 143.4 
113 19:17.500 106.64 162.5 108.43 153.2 111.72 142.8 112.29 143.4 
113 19:18.058 106.55 162.4 108.42 153.1 111.74 142.8 112.43 143.4 
113 19:18.608 106.37 162.2 108.19 152.9 111.56 142.6 112.21 143.3 
113 19:19.167 106.23 162.0 108.01 152.8 111.49 142.4 112.03 143.0 
113 19:19.717 105.8 161.4 107.52 152.3 110.93 141.8 111.53 142.5 
113 19:30.275 99.15 153.1 100.16 143.6 102.82 133.0 103.01 134.2 
113 19:30.817 98.94 152.7 99.92 143.1 102.93 132.5 103.13 133.7 
113 19:31.358 99.02 152.7 100.01 143.0 102.94 132.7 103.28 133.5 
113 19:31.908 99.16 152.7 100.16 143.0 102.9 132.5 103.28 133.3 
113 19:32.458 99.12 152.6 100.03 143.1 102.89 132.6 103.33 133.4 
113 19:33.000 98.89 152.6 99.92 142.8 102.71 132.3 102.95 133.2 
113 19:33.542 98.94 152.5 100.01 142.7 102.72 132.3 102.88 133.1 
113 19:34.092 98.77 152.4 99.81 142.8 102.63 132.2 102.81 133.0 
113 19:34.642 98.9 152.4 99.81 142.8 102.61 132.2 102.86 133.0 
113 19:35.183 98.93 152.4 100.02 142.8 102.5 132.2 102.72 132.9 
113 19:35.717 98.65 152.2 99.65 142.6 102.36 131.9 102.58 132.7 
113 19:45.275 105.12 160.2 106.75 150.7 109.65 139.7 110.01 140.3 
113 19:45.833 105.13 160.7 106.71 151.1 109.72 140.2 110.15 140.7 
113 19:46.392 105.03 160.6 106.81 151.1 109.96 140.6 110.41 141.1 
113 19:46.942 105.1 160.5 106.81 151.4 110.25 140.9 110.83 141.4 
113 19:47.500 105.17 160.6 106.78 151.4 110.13 140.8 110.81 141.1 
113 19:48.058 104.89 160.4 106.61 151.2 110.11 140.9 110.92 140.8 
113 19:48.608 104.92 160.3 106.61 151.0 110.04 140.7 110.87 141.0 
113 19:49.167 104.79 160.0 106.41 150.8 109.82 140.6 110.72 140.9 
113 19:49.717 104.26 159.7 105.85 150.4 109.51 140.3 110.5 141.0 
113 20:01.283 103.75 158.9 105.42 149.7 108.56 138.6 108.92 139.3 
113 20:01.817 103.75 159.0 105.36 149.8 108.58 138.8 108.94 139.6 
113 20:02.358 103.83 159.0 105.45 149.8 108.99 139.2 109.47 139.6 
113 20:02.908 103.91 159.1 105.42 149.7 108.96 139.4 109.64 139.9 
113 20:03.458 103.9 159.0 105.25 149.6 108.96 139.6 109.79 140.0 
113 20:04.000 103.92 159.3 105.34 149.7 108.62 139.2 109.21 139.4 
113 20:04.542 104.01 159.4 105.46 149.7 108.61 139.1 109.38 139.4 
113 20:05.092 104.02 159.3 105.55 149.6 108.69 139.2 109.53 139.6 
113 20:05.642 103.83 159.1 105.37 149.7 108.57 139.1 109.14 139.4 
113 20:06.183 103.62 158.8 105.24 149.8 108.7 139.2 109.47 139.7 
113 20:06.725 105.45 159.0 106.43 149.8 110.56 138.1 111.14 137.5 
113 20:15.275 103.44 158.6 104.82 149.5 108.55 139.6 109.82 140.3 
113 20:15.833 103.51 158.8 104.82 149.4 108.53 139.3 109.46 139.6 
113 20:16.392 103.39 158.8 104.76 149.2 108.43 139.2 109.34 139.7 
113 20:16.942 103.31 158.6 104.76 149.1 108.37 139.2 109.45 139.5 
113 20:17.500 103.21 158.2 104.49 148.9 108.13 138.8 109.29 139.3 
113 20:18.058 102.99 158.0 104.42 148.8 108.15 138.9 109.42 139.2 
113 20:18.608 102.79 157.6 104.35 148.9 108.09 138.7 109.19 139.0 
113 20:19.167 102.61 157.6 104.16 148.8 107.85 138.4 108.93 138.8 
113 20:19.717 102.46 157.2 103.84 148.3 107.46 137.8 108.15 138.5 
113 20:30.275 99.56 154.4 100.45 143.8 103.63 133.8 104.2 134.6 
113 20:30.817 99.55 154.3 100.51 143.6 103.74 133.6 104.57 134.4 
113 20:31.358 99.53 153.6 100.59 144.1 103.79 133.8 104.39 134.2 
113 20:31.908 99.49 153.4 100.58 144.0 103.79 133.8 104.68 134.5 
113 20:32.458 99.35 153.3 100.42 144.1 103.98 134.1 105.08 134.6 
113 20:33.000 99.36 153.4 100.46 144.2 104.01 133.8 104.83 134.5 
113 20:33.542 99.33 153.5 100.4 144.1 103.89 133.8 104.41 134.4 
113 20:34.092 99.38 153.4 100.47 144.0 103.86 133.9 104.47 134.4 
113 20:34.642 99.4 153.4 100.38 143.9 103.89 134.0 104.68 134.5 
113 20:35.183 99.62 153.5 100.58 144.0 104.06 134.0 104.74 134.6 
113 20:35.717 99.26 153.1 100.17 143.6 103.55 133.8 104.18 134.1 
113 20:45.283 103.38 158.2 104.98 149.1 108.33 138.8 109.31 139.1 
113 20:45.817 103.37 158.5 105.04 149.4 108.63 139.1 109.58 139.4 
113 20:46.358 103.61 158.8 105.19 149.8 108.81 139.4 109.46 139.7 
113 20:46.908 103.39 158.4 104.84 149.6 108.83 140.0 110.43 140.3 
113 20:47.458 103.0 158.0 104.62 149.3 108.75 140.4 111.18 141.4 
113 20:48.000 103.45 158.4 104.91 149.6 108.9 140.1 110.51 140.9 
113 20:48.542 103.57 158.4 104.98 149.4 108.91 139.9 110.44 140.4 
113 20:49.092 103.59 158.6 104.97 149.5 108.76 139.5 109.84 140.0 
113 20:49.642 103.59 158.6 104.98 149.5 108.85 139.6 110.01 140.2 
113 20:50.183 103.48 158.4 104.9 149.4 108.62 139.5 109.93 140.1 
113 20:50.725 105.61 158.6 106.31 149.2 110.46 137.6 111.01 136.7 
113 21:00.283 104.09 159.3 105.68 150.2 109.46 139.9 110.59 140.2 
113 21:00.817 104.06 159.4 105.64 150.3 109.3 140.0 110.39 140.4 
113 21:01.358 104.22 159.4 105.79 150.3 109.41 140.2 110.37 140.6 
113 21:01.908 104.23 159.3 105.71 150.4 109.56 140.5 110.7 140.8 
113 21:02.458 104.21 159.5 105.87 150.5 109.62 140.4 110.43 141.3 
113 21:03.000 104.27 159.5 105.81 150.5 109.51 140.1 110.31 141.1 
113 21:03.542 104.13 159.4 105.79 150.5 109.54 140.2 110.38 140.8 
113 21:04.092 104.4 159.7 105.93 150.4 109.39 140.1 110.19 140.6 
113 21:04.642 104.16 159.4 105.63 150.3 109.33 140.1 110.37 140.8 
113 21:05.183 104.25 159.7 105.78 150.2 109.32 140.2 110.19 140.7 
113 21:05.717 104.04 159.2 105.44 149.8 108.73 139.5 109.39 140.2 
113 21:15.275 105.0 160.6 106.62 151.2 109.98 140.5 110.75 141.1 
113 21:15.817 105.09 160.7 106.76 151.3 109.85 140.5 110.62 141.1 
113 21:16.358 105.1 160.8 106.79 151.4 109.83 140.6 110.44 141.2 
113 21:16.908 105.17 160.8 106.83 151.3 109.88 140.7 110.46 141.0 
113 21:17.458 105.22 160.7 106.81 151.3 109.95 140.8 110.75 141.4 
113 21:18.000 105.32 160.9 106.97 151.4 110.18 141.0 110.92 141.8 
113 21:18.542 105.4 161.0 106.97 151.5 110.24 141.2 111.16 141.9 
113 21:19.092 105.48 161.1 107.12 151.6 110.28 141.1 110.94 141.9 
113 21:19.642 105.57 161.2 107.03 151.7 110.26 141.0 110.92 141.9 
113 21:20.183 105.54 161.2 107.16 151.7 110.4 141.3 111.08 142.0 
113 21:20.717 105.22 160.7 106.82 151.3 109.84 140.8 110.78 141.4 
113 21:30.283 100.51 155.3 101.5 145.9 104.58 135.5 105.31 136.0 
113 21:30.817 100.66 155.0 101.65 145.6 104.72 135.2 105.44 135.7 
113 21:31.358 100.6 154.7 101.66 145.3 104.86 134.8 105.65 135.4 
113 21:31.908 100.61 154.7 101.68 145.3 104.87 135.0 105.59 135.5 
113 21:32.458 100.61 154.7 101.61 145.3 104.91 135.1 105.84 135.3 
113 21:33.000 100.54 154.7 101.61 145.1 104.84 135.0 105.7 135.5 
113 21:33.542 100.68 154.7 101.71 145.2 104.88 134.9 105.76 135.4 
113 21:34.092 100.56 154.7 101.62 145.3 104.96 135.0 105.79 135.6 
113 21:34.642 100.5 154.6 101.53 145.3 104.92 135.0 105.9 135.8 
113 21:35.183 100.42 154.4 101.52 145.2 104.89 135.1 105.96 135.7 
113 21:35.725 102.83 155.1 103.14 145.6 107.14 134.2 107.57 133.4 
113 21:45.275 107.74 163.5 109.57 154.3 113.39 143.9 114.51 144.3 
113 21:45.817 107.71 164.0 109.66 154.8 113.48 144.5 114.66 144.9 
113 21:46.358 107.99 164.5 109.82 155.3 113.67 145.0 114.56 145.5 
113 21:46.908 108.02 164.5 109.84 155.5 113.7 145.3 114.71 145.7 
113 21:47.458 107.89 164.8 110.07 155.9 114.03 145.5 114.93 145.6 
113 21:48.000 108.06 165.0 110.15 156.1 114.18 145.6 115.17 146.0 
113 21:48.542 107.98 164.9 110.06 156.2 114.27 145.8 115.41 146.2 
113 21:49.092 108.18 164.8 110.14 156.2 114.32 146.0 115.64 146.3 
113 21:49.642 108.26 164.8 110.2 156.0 114.38 146.2 115.73 146.4 
113 21:50.183 108.25 165.0 110.1 155.8 114.31 146.0 115.55 146.4 
113 21:50.717 108.17 164.6 109.87 155.5 113.92 145.6 115.26 146.2 
113 22:00.275 108.6 165.3 110.83 156.8 115.08 147.2 116.93 147.8 
113 22:00.817 108.57 165.1 110.81 156.9 115.04 147.4 117.24 147.6 
113 22:01.358 108.47 165.2 110.62 157.0 114.86 147.3 117.08 147.5 
113 22:01.908 108.74 165.4 110.85 157.2 115.12 147.1 116.73 147.5 
113 22:02.458 108.67 165.7 110.77 157.0 115.12 147.0 116.42 147.9 
113 22:03.000 109.09 166.2 111.19 157.4 115.4 147.4 116.62 148.3 
113 22:03.542 109.54 166.5 111.48 157.5 115.72 147.5 117.03 148.0 
113 22:04.092 109.74 166.3 111.72 157.4 115.78 147.4 117.01 148.0 
113 22:04.642 109.7 166.6 111.6 157.4 115.71 147.5 116.99 148.1 
113 22:05.183 110.08 166.6 111.84 157.7 115.89 147.5 117.21 148.4 
113 22:05.717 109.62 166.1 111.41 157.1 115.19 147.3 116.92 148.0 
113 22:15.283 111.57 168.8 113.73 160.0 118.12 150.3 119.81 151.4 
113 22:15.833 111.71 169.1 113.99 160.4 118.32 150.6 119.95 151.4 
113 22:16.392 111.86 169.3 114.13 160.7 118.53 150.9 120.53 151.6 
113 22:16.942 112.04 169.4 114.35 161.0 118.84 151.2 120.74 152.1 
113 22:17.500 112.07 169.4 114.39 161.0 118.82 151.5 120.91 152.0 
113 22:18.058 111.78 169.4 114.39 161.3 118.83 151.4 120.98 151.9 
113 22:18.608 111.86 169.3 114.43 161.4 118.96 151.4 120.77 151.6 
113 22:19.167 112.02 169.8 114.57 161.4 119.1 151.5 120.73 152.0 
113 22:19.717 111.93 169.5 114.35 161.1 118.89 151.6 120.91 152.3 
113 22:30.275 103.36 159.2 104.64 150.0 108.4 140.1 109.39 141.0 
113 22:30.817 103.47 158.6 104.83 149.5 108.37 139.5 109.59 140.4 
113 22:31.358 103.48 158.1 104.88 148.9 108.39 138.9 109.72 139.9 
113 22:31.908 103.44 157.9 104.86 149.0 108.46 138.9 109.65 139.5 
113 22:32.458 103.44 157.9 104.94 149.2 108.57 138.7 109.49 139.6 
113 22:33.000 103.5 158.0 104.9 149.0 108.61 139.0 109.55 139.8 
113 22:33.542 103.62 158.2 104.97 149.1 108.65 139.3 109.72 139.7 
113 22:34.092 103.66 158.5 105.08 149.3 108.73 139.4 109.68 139.8 
113 22:34.642 103.8 158.4 105.12 149.4 108.91 139.4 109.84 140.3 
113 22:35.183 103.79 158.5 105.1 149.4 108.87 139.6 110.02 140.2 
113 22:35.717 103.56 158.0 104.87 149.1 108.48 139.3 109.66 139.8 
113 22:45.275 117.54 174.9 120.41 166.3 125.06 156.6 126.99 157.3 
113 22:45.817 117.51 175.8 120.33 167.3 124.95 157.6 127.2 158.3 
113 22:46.358 117.43 176.8 120.31 168.2 125.13 158.6 127.2 159.3 
113 22:46.908 117.44 176.5 120.23 168.4 125.19 158.8 127.18 159.1 
113 22:47.458 117.32 176.5 120.31 168.5 125.42 158.7 127.25 159.4 
113 22:48.000 117.35 176.5 120.21 168.4 125.27 158.6 127.05 159.4 
113 22:48.542 117.37 176.6 120.32 168.3 125.21 158.7 127.06 159.4 
113 22:49.092 117.58 176.8 120.37 168.4 125.3 158.7 127.02 159.0 
113 22:49.642 117.48 176.9 120.35 168.8 125.35 158.7 126.95 159.3 
113 22:50.183 117.74 177.0 120.56 168.8 125.68 159.1 127.52 159.8 
113 22:50.717 117.61 176.9 120.18 168.5 124.9 158.9 127.03 159.5 
113 23:00.283 119.38 179.9 122.57 171.9 127.83 162.3 130.2 162.9 
113 23:00.817 119.55 180.0 122.79 172.1 128.23 162.5 130.62 163.1 
113 23:01.358 119.84 180.2 123.13 172.3 128.41 162.7 131.03 163.2 
113 23:01.908 119.98 180.2 123.34 172.5 128.48 162.9 130.94 163.3 
113 23:02.458 120.3 180.8 123.62 172.9 128.9 163.0 131.08 163.7 
113 23:03.000 120.55 181.0 123.76 173.3 129.11 163.4 131.27 164.0 
113 23:03.542 120.63 181.1 123.98 173.3 129.26 163.4 131.09 164.1 
113 23:04.092 120.71 181.3 124.1 173.4 129.28 163.4 131.12 164.1 
113 23:04.642 121.06 181.7 124.39 173.6 129.34 163.4 131.1 163.7 
113 23:05.183 120.97 181.9 124.37 173.9 129.51 163.6 131.12 163.7 
113 23:05.725 123.77 183.6 126.25 174.8 131.79 163.2 132.77 161.7 
113 23:15.275 122.88 184.4 126.54 176.0 131.45 166.2 133.63 166.9 
113 23:15.817 122.69 183.9 126.6 176.2 131.49 166.3 133.63 167.0 
113 23:16.358 122.76 184.2 126.77 176.1 131.75 166.3 133.87 167.2 
113 23:16.908 122.83 184.4 126.78 176.5 131.87 166.7 133.97 167.4 
113 23:17.458 123.05 184.7 126.99 177.0 132.38 166.9 134.3 167.7 
113 23:18.000 123.17 184.9 127.22 177.3 132.39 167.2 134.38 167.9 
113 23:18.542 123.33 185.2 127.36 177.4 132.55 167.4 134.62 168.5 
113 23:19.092 123.6 185.6 127.64 177.8 132.86 167.8 134.91 169.0 
113 23:19.642 124.0 186.1 127.87 177.7 132.9 168.1 134.83 169.3 
113 23:20.183 124.2 186.4 128.14 178.0 133.17 168.2 135.07 169.0 
113 23:20.717 124.49 186.3 128.33 177.8 133.08 168.0 135.29 168.7 
113 23:30.275 106.38 166.1 107.93 157.1 111.85 147.2 113.03 147.8 
113 23:30.817 106.57 164.9 108.24 155.9 112.22 146.0 113.13 146.7 
113 23:31.358 106.59 163.8 108.29 154.8 112.21 144.8 113.25 145.5 
113 23:31.908 106.64 162.6 108.36 153.6 112.16 143.6 113.26 144.3 
113 23:32.458 106.97 162.9 108.67 153.6 112.32 143.7 113.58 144.3 
113 23:33.000 107.26 163.1 108.84 153.7 112.52 143.8 113.6 144.3 
113 23:33.542 107.22 163.2 108.8 154.0 112.5 143.8 113.72 144.6 
113 23:34.092 107.12 163.1 108.82 154.0 112.62 144.0 114.2 144.6 
113 23:34.642 107.11 162.9 108.92 154.3 112.81 144.0 114.35 144.9 
113 23:35.183 106.92 162.8 108.83 154.2 112.74 144.0 114.19 144.6 
113 23:35.725 109.15 163.6 110.26 154.6 114.7 143.0 115.43 142.4 
113 23:45.283 130.47 190.6 134.83 182.6 140.71 172.5 142.98 173.1 
113 23:45.817 130.48 192.1 135.02 184.2 140.76 174.1 143.1 174.8 
113 23:46.358 130.51 193.7 135.26 185.8 140.87 175.8 143.15 176.5 
113 23:46.908 130.84 195.2 135.43 187.4 141.08 177.5 143.43 178.3 
113 23:47.458 131.05 195.2 135.73 187.6 141.12 177.8 143.77 178.2 
113 23:48.000 130.97 195.2 135.54 187.7 141.53 178.1 144.14 178.1 
113 23:48.542 131.04 195.2 135.8 188.0 141.76 178.1 143.84 178.2 
113 23:49.092 131.15 195.6 135.93 188.2 141.73 178.7 144.3 178.9 
113 23:49.642 131.67 196.0 136.29 188.6 142.25 178.8 144.69 179.2 
113 23:50.183 131.9 196.6 136.59 188.9 142.51 179.4 145.09 179.9 
113 23:50.725 134.06 197.7 137.98 189.4 144.42 178.1 146.23 177.0 
114 00:00.300 135.63 201.7 141.23 194.5 146.96 184.9 149.62 185.5 
114 00:00.833 135.99 202.5 141.75 195.2 147.3 185.2 149.87 185.7 
114 00:01.375 136.28 202.4 142.07 195.2 147.65 185.4 150.09 185.9 
114 00:01.925 136.5 202.8 142.25 195.8 147.8 185.5 150.61 186.2 
114 00:02.475 136.75 203.1 142.54 196.2 148.58 186.2 150.88 186.8 
114 00:03.017 136.8 203.4 142.71 196.2 148.69 186.8 151.46 187.8 
114 00:03.558 137.09 204.3 142.8 196.6 149.02 187.2 151.67 188.1 
114 00:04.108 137.27 204.2 143.2 197.0 149.36 187.4 152.1 188.4 
114 00:04.658 137.51 204.7 143.44 197.4 149.41 187.7 152.3 188.6 
114 00:05.200 137.82 205.1 143.73 197.7 149.84 188.3 152.55 189.0 
114 00:05.733 137.65 204.2 143.58 197.4 149.31 187.7 152.29 188.6 
114 00:15.275 141.56 209.7 148.31 203.3 154.59 193.7 157.82 195.0 
114 00:15.817 142.02 210.2 148.55 203.5 155.09 194.2 158.53 195.5 
114 00:16.358 142.42 210.8 149.09 204.3 155.22 195.0 158.66 196.0 
114 00:16.908 142.77 212.0 149.48 204.9 155.96 195.4 158.95 197.0 
114 00:17.458 143.37 212.1 150.01 205.3 156.41 195.9 159.63 197.4 
114 00:18.000 143.52 212.7 150.21 205.7 156.69 196.4 160.21 197.9 
114 00:18.542 143.92 213.2 150.68 206.3 156.96 196.8 160.14 198.2 
114 00:19.092 144.55 214.2 151.15 206.9 157.1 197.0 159.7 198.3 
114 00:19.642 144.56 214.1 151.8 207.1 157.41 197.4 160.39 198.3 
114 00:20.183 144.98 214.6 151.79 207.4 157.85 197.5 160.63 198.3 
114 00:20.725 148.92 217.2 154.77 209.3 161.51 197.0 162.89 195.9 
114 00:30.258 112.46 176.4 114.68 167.8 118.8 157.9 120.43 157.8 
114 00:30.750 112.55 174.3 114.74 165.7 119.02 155.9 120.53 155.9 
114 00:31.250 112.47 172.2 114.76 163.5 118.78 153.8 120.61 153.9 
114 00:31.750 112.37 170.0 114.71 161.3 118.86 151.8 120.51 151.9 
114 00:32.250 112.5 170.0 114.91 161.5 119.22 151.6 120.75 152.1 
114 00:32.750 112.62 170.1 114.97 161.4 119.21 151.6 120.91 152.3 
114 00:33.250 112.72 170.3 115.08 161.7 119.45 151.8 120.96 152.8 
114 00:33.750 112.79 170.4 115.22 161.8 119.44 152.0 121.03 153.0 
114 00:34.250 112.79 170.5 115.23 161.8 119.6 151.9 121.08 153.2 
114 00:34.750 112.88 170.6 115.28 161.8 119.47 151.8 121.06 152.8 
114 00:35.250 112.79 170.5 115.23 161.9 119.64 151.8 120.99 152.8 
114 00:35.750 112.8 170.5 115.12 162.1 119.62 152.0 121.15 152.6 
114 00:36.250 112.77 170.5 115.31 162.1 119.66 151.9 121.19 152.6 
114 00:36.742 112.73 170.1 114.9 161.6 119.21 151.8 120.59 152.3 
114 00:45.250 115.05 173.5 117.61 164.9 121.83 154.8 123.34 155.8 
114 00:45.750 114.97 173.4 117.75 164.8 121.88 154.8 123.47 155.5 
114 00:46.250 115.15 173.6 117.67 165.0 122.04 154.8 123.62 155.6 
114 00:46.750 115.18 173.7 117.85 165.0 121.9 154.8 123.49 155.4 
114 00:47.250 115.09 173.5 117.82 165.0 121.99 154.8 123.64 155.6 
114 00:47.750 115.2 173.6 117.89 164.9 122.03 154.9 123.56 155.4 
114 00:48.250 115.27 173.8 117.89 165.3 122.12 155.1 123.7 155.9 
114 00:48.750 115.38 173.8 118.13 165.3 122.37 155.2 123.86 156.1 
114 00:49.250 115.6 174.2 118.36 165.7 122.49 155.5 123.88 156.3 
114 00:49.750 115.65 174.5 118.41 165.8 122.63 155.4 124.1 156.6 
114 00:50.250 115.73 174.4 118.38 165.8 122.71 155.9 124.31 156.6 
114 00:50.750 115.74 174.6 118.51 165.9 122.84 156.0 124.47 156.6 
114 00:51.250 115.73 174.4 118.62 166.1 123.05 155.9 124.63 156.9 
114 00:51.742 115.67 174.4 118.54 166.0 123.09 155.8 124.53 157.0 
114 01:15.258 164.9 236.5 173.72 229.8 180.41 217.4 182.44 218.3 
114 01:15.750 163.37 237.8 171.98 231.1 178.35 218.7 180.18 219.6 
114 01:16.250 163.23 239.1 172.15 232.5 178.41 220.0 180.22 220.9 
114 01:16.750 164.81 240.5 173.49 233.8 180.26 221.3 182.12 222.2 
114 01:17.250 163.63 241.8 172.14 235.2 178.85 222.6 180.63 223.5 
114 01:17.750 162.68 240.0 171.36 233.2 177.72 221.0 178.86 221.3 
114 01:18.250 162.79 240.4 171.28 233.3 177.34 220.9 179.01 221.8 
114 01:18.750 163.44 241.6 172.11 234.8 178.6 222.3 180.14 223.2 
114 01:19.250 164.02 242.7 173.17 236.0 179.45 223.5 181.3 224.4 
114 01:19.750 163.84 242.1 172.41 235.6 179.24 223.2 180.83 224.2 
114 01:20.250 161.95 238.9 170.58 232.2 176.45 219.7 178.5 220.9 
114 01:20.750 161.51 238.7 169.58 231.0 175.47 219.6 177.41 220.0 
114 01:21.250 160.97 238.1 168.86 230.5 174.89 218.6 176.66 218.7 
114 01:21.742 159.86 236.3 168.0 228.8 174.01 217.0 176.17 217.6 
114 01:30.250 152.64 234.4 159.51 226.4 163.75 213.2 165.02 215.1 
114 01:30.750 153.48 234.3 160.44 226.2 164.87 213.0 166.11 214.9 
114 01:31.250 154.98 234.2 162.22 226.1 166.62 212.8 168.01 214.8 
114 01:31.750 156.39 234.1 163.57 225.9 168.2 212.6 169.61 214.6 
114 01:32.250 158.1 234.0 165.53 225.8 170.25 212.3 170.9 214.5 
114 01:32.750 158.68 235.2 166.53 227.2 171.2 213.8 172.3 215.4 
114 01:33.250 159.51 235.7 167.13 228.1 171.89 214.5 173.16 215.8 
114 01:33.750 159.57 235.7 167.28 227.9 172.12 214.6 173.23 215.9 
114 01:34.250 158.61 234.8 166.23 226.7 170.77 213.8 172.15 215.0 
114 01:34.750 158.31 233.9 165.45 225.2 170.33 212.8 171.89 214.1 
114 01:35.250 155.74 230.2 162.51 221.6 166.99 209.2 168.44 210.1 
114 01:35.750 152.6 226.2 159.38 217.3 163.65 205.0 165.1 205.7 
114 01:36.250 151.04 223.6 157.64 215.2 161.52 202.6 162.98 203.4 
114 01:36.742 150.04 222.7 156.59 214.3 160.59 201.2 161.77 202.8 
114 01:45.250 146.87 219.1 153.04 210.2 156.65 197.2 157.36 198.8 
114 01:45.750 146.65 218.9 152.83 210.0 156.51 196.9 157.1 198.6 
114 01:46.250 145.36 218.7 151.13 209.8 155.13 196.7 155.56 198.4 
114 01:46.750 145.18 218.5 150.88 209.5 154.72 196.5 155.57 198.1 
114 01:47.250 146.93 218.2 152.69 209.3 156.42 196.2 157.41 197.9 
114 01:47.750 148.34 220.8 154.88 211.7 158.41 199.2 159.66 200.0 
114 01:48.250 149.53 222.3 156.06 213.4 159.98 200.7 161.26 202.1 
114 01:48.750 149.45 220.9 155.49 212.0 159.44 199.5 160.4 200.9 
114 01:49.250 149.04 220.7 155.12 212.3 158.99 199.5 160.48 200.7 
114 01:49.750 150.08 221.9 155.99 212.9 160.06 200.5 161.4 201.2 
114 01:50.250 151.5 223.9 158.04 215.6 162.11 203.1 163.33 203.9 
114 01:50.750 153.68 226.4 160.46 218.4 164.24 205.5 165.84 206.7 
114 01:51.250 153.46 227.3 160.69 219.1 164.79 206.5 166.34 207.4 
114 01:51.742 152.55 225.4 159.49 218.0 163.69 204.4 164.82 206.0 
114 02:00.258 137.31 207.5 142.1 199.0 146.16 186.8 147.24 187.9 
114 02:00.750 136.95 206.4 142.04 197.9 146.0 185.8 146.95 186.8 
114 02:01.250 136.82 205.4 141.91 196.8 145.92 184.7 146.66 185.8 
114 02:01.750 136.88 204.3 141.77 195.7 145.84 183.7 146.67 184.7 
114 02:02.250 136.96 203.3 141.83 194.6 145.63 182.7 146.57 183.6 
114 02:02.750 136.67 203.0 141.66 194.6 145.71 182.5 146.67 183.5 
114 02:03.250 136.39 202.8 141.39 194.2 145.42 182.6 146.59 183.2 
114 02:03.750 136.65 202.6 141.34 194.2 145.38 182.5 146.45 183.0 
114 02:04.250 136.29 202.4 141.28 194.2 145.49 182.4 146.57 183.2 
114 02:04.750 136.1 202.3 140.95 193.7 145.39 182.2 146.23 183.1 
114 02:05.250 135.96 202.1 140.8 193.6 144.71 181.6 145.65 182.6 
114 02:05.750 135.74 201.9 140.89 193.8 144.94 181.4 145.67 182.5 
114 02:06.250 135.83 201.8 140.64 193.7 144.86 181.4 145.47 182.6 
114 02:06.742 135.35 201.0 140.0 192.7 144.13 180.9 145.05 181.6 
114 02:15.250 132.14 195.7 136.74 187.5 141.75 175.7 142.88 176.3 
114 02:15.750 131.82 195.3 136.33 187.1 141.37 175.4 142.1 175.9 
114 02:16.250 131.45 195.0 135.93 186.8 140.61 175.1 141.64 175.6 
114 02:16.750 131.21 194.7 135.61 186.5 140.28 174.8 141.0 175.3 
114 02:17.250 131.03 194.4 135.4 186.2 139.63 174.5 140.32 175.0 
114 02:17.750 130.99 194.3 135.24 186.2 139.35 174.3 140.07 175.1 
114 02:18.250 130.6 194.2 134.7 185.7 138.98 174.5 139.97 174.9 
114 02:18.750 130.42 194.2 134.63 185.6 139.03 174.5 140.03 174.6 
114 02:19.250 130.14 193.6 134.64 185.7 138.7 174.5 139.88 174.5 
114 02:19.750 130.5 194.1 134.74 185.7 138.85 174.3 139.94 174.5 
114 02:20.250 130.45 193.9 134.63 185.5 138.83 174.4 139.76 174.4 
114 02:20.750 130.34 194.0 134.91 185.5 138.9 174.1 139.92 174.6 
114 02:21.250 130.21 194.0 134.59 185.4 138.67 174.1 139.55 174.8 
114 02:21.750 132.92 193.1 136.5 184.7 141.58 173.2 140.97 173.7 
114 02:30.250 126.99 190.0 130.65 181.2 134.43 168.8 134.49 170.5 
114 02:30.750 126.81 189.8 130.63 181.0 134.33 168.6 134.55 170.3 
114 02:31.250 126.82 189.6 130.54 180.8 134.2 168.3 134.35 170.2 
114 02:31.750 126.89 189.4 130.32 180.6 133.75 168.0 134.02 170.0 
114 02:32.250 126.77 189.2 130.22 180.4 133.78 167.8 133.85 169.8 
114 02:32.750 126.44 189.1 130.04 180.1 133.56 167.7 133.7 169.3 
114 02:33.250 126.22 188.4 129.94 179.6 133.38 167.6 133.8 169.1 
114 02:33.750 125.85 188.2 129.46 179.6 133.23 167.3 133.65 168.5 
114 02:34.250 125.73 188.1 129.35 179.1 133.23 167.5 133.6 168.5 
114 02:34.750 125.51 187.9 129.17 178.8 133.25 167.5 133.85 168.4 
114 02:35.250 125.41 187.7 128.96 178.6 132.83 167.6 133.85 167.9 
114 02:35.750 125.1 186.9 128.66 178.3 132.78 167.3 133.85 167.6 
114 02:36.250 124.87 187.1 128.53 178.2 132.48 167.1 133.3 167.6 
114 02:36.742 124.01 185.9 127.71 177.7 131.88 166.3 132.9 167.1 
114 02:45.258 122.88 184.3 126.2 175.2 129.87 163.6 130.52 164.7 
114 02:45.750 122.5 183.9 125.95 175.3 129.77 163.8 130.5 164.4 
114 02:46.250 122.69 183.8 125.95 174.8 129.54 163.3 130.27 164.0 
114 02:46.750 122.32 183.8 125.52 174.7 129.1 163.0 129.85 163.9 
114 02:47.250 122.28 183.4 125.45 174.6 129.08 162.6 129.54 164.0 
114 02:47.750 121.85 183.0 125.09 174.1 128.89 162.4 129.44 163.7 
114 02:48.250 121.84 183.2 125.04 173.8 128.47 161.9 128.76 163.2 
114 02:48.750 121.77 183.0 124.79 173.6 128.44 161.9 128.94 163.1 
114 02:49.250 121.56 182.5 124.8 173.5 128.54 162.1 129.18 163.0 
114 02:49.750 121.52 182.7 124.52 173.4 128.18 161.8 128.74 162.7 
114 02:50.250 121.69 182.7 124.66 173.3 128.06 161.7 128.55 162.4 
114 02:50.750 121.34 182.8 124.5 173.2 127.85 161.4 128.35 162.2 
114 02:51.250 121.33 182.0 124.31 172.9 127.67 161.3 128.32 162.0 
114 02:51.750 123.51 181.2 126.17 172.5 131.09 161.0 130.39 162.0 
114 03:00.250 138.83 201.2 144.27 192.7 148.68 180.0 149.75 181.3 
114 03:00.750 139.34 202.4 144.48 193.8 148.62 181.1 149.41 182.4 
114 03:01.250 139.01 203.6 144.03 195.0 148.07 182.2 148.91 183.6 
114 03:01.750 138.53 204.8 143.7 196.2 147.93 183.4 148.93 184.7 
114 03:02.250 138.28 206.0 143.67 197.4 147.75 184.5 148.7 185.8 
114 03:02.750 138.26 205.9 143.43 197.3 147.37 184.8 148.17 185.9 
114 03:03.250 138.13 205.8 143.31 197.1 147.25 184.7 148.18 185.7 
114 03:03.750 137.97 205.9 143.24 196.9 147.11 184.6 148.18 185.9 
114 03:04.250 137.78 206.0 143.03 196.7 146.92 184.8 148.25 185.8 
114 03:04.750 137.75 205.8 142.76 196.3 146.71 184.4 147.76 185.2 
114 03:05.250 137.87 205.2 142.88 196.0 146.71 184.1 147.7 184.9 
114 03:05.750 137.34 204.7 142.35 196.0 146.3 183.9 147.42 184.6 
114 03:06.250 137.06 204.2 142.16 195.5 146.21 183.7 147.59 184.4 
114 03:06.742 136.66 203.1 141.88 195.0 146.49 183.3 147.64 184.2 
114 03:15.250 116.11 179.8 119.0 171.2 122.38 159.9 123.14 160.5 
114 03:15.750 116.01 178.5 118.79 169.8 122.32 158.5 122.91 159.1 
114 03:16.250 115.77 177.1 118.5 168.4 122.33 157.1 122.97 157.7 
114 03:16.750 115.77 175.7 118.59 167.0 122.34 155.7 122.88 156.3 
114 03:17.250 115.42 174.4 118.25 165.6 122.02 154.4 122.55 154.9 
114 03:17.750 115.27 174.3 117.98 165.3 121.93 154.4 122.76 155.2 
114 03:18.250 115.2 174.0 118.0 165.2 121.83 154.2 122.61 155.1 
114 03:18.750 115.08 174.0 117.76 165.2 121.42 154.0 122.3 154.9 
114 03:19.250 114.96 173.5 117.68 164.7 121.71 154.0 122.67 155.2 
114 03:19.750 114.94 173.8 117.84 164.7 121.29 153.8 122.06 154.7 
114 03:20.250 114.89 173.3 117.52 164.6 121.58 153.9 122.28 154.8 
114 03:20.750 114.82 173.5 117.44 164.5 121.22 153.7 122.02 154.4 
114 03:21.250 114.68 173.4 117.37 164.2 121.17 153.2 121.65 154.1 
114 03:21.742 114.06 172.5 116.88 163.8 120.65 152.7 121.22 153.9 
114 03:30.258 113.36 171.9 115.86 162.8 119.0 151.2 119.69 152.2 
114 03:30.750 113.05 171.9 115.59 162.7 119.02 151.1 119.57 152.1 
114 03:31.250 113.01 171.8 115.5 162.6 119.3 151.0 120.05 152.0 
114 03:31.750 113.07 171.8 115.51 162.6 119.51 150.9 119.99 151.9 
114 03:32.250 113.12 171.8 115.57 162.5 119.38 150.8 119.85 151.8 
114 03:32.750 113.07 171.4 115.53 162.3 119.02 150.9 119.51 151.9 
114 03:33.250 112.92 171.2 115.49 162.1 118.9 150.7 119.16 151.8 
114 03:33.750 113.08 171.4 115.55 161.9 118.41 150.3 118.81 151.7 
114 03:34.250 112.87 171.2 115.38 161.8 118.31 150.1 118.67 151.8 
114 03:34.750 112.83 171.1 115.04 161.7 118.27 150.1 118.63 151.6 
114 03:35.250 112.74 171.0 114.93 161.6 118.28 150.1 118.65 151.5 
114 03:35.750 112.37 170.6 114.94 161.4 118.34 150.3 118.98 151.4 
114 03:36.250 112.5 170.6 114.93 161.4 118.21 149.9 118.61 151.0 
114 03:36.750 115.51 170.5 117.42 161.4 121.66 150.0 120.57 151.3 
114 03:45.250 111.05 169.1 113.4 159.6 117.11 148.3 117.74 149.5 
114 03:45.750 111.23 169.0 113.66 159.5 116.68 148.2 117.04 149.4 
114 03:46.250 111.3 169.2 113.48 159.7 116.25 147.8 116.7 149.4 
114 03:46.750 111.14 168.8 113.37 159.6 116.59 148.0 116.95 149.3 
114 03:47.250 110.93 168.7 113.21 159.5 116.43 147.9 116.76 149.3 
114 03:47.750 110.88 168.7 113.09 159.5 116.52 148.0 116.8 149.3 
114 03:48.250 111.13 169.2 113.23 159.8 116.34 147.5 116.62 149.3 
114 03:48.750 111.17 169.0 113.32 159.6 116.22 147.5 116.35 149.2 
114 03:49.250 110.94 168.9 112.93 159.5 116.12 147.4 116.11 149.6 
114 03:49.750 110.92 169.0 113.11 159.2 116.12 147.6 116.1 149.5 
114 03:50.250 110.77 168.8 112.89 159.5 116.24 147.7 116.45 149.4 
114 03:50.750 110.73 168.5 113.04 159.6 116.89 148.2 117.29 149.7 
114 03:51.250 110.77 168.7 112.99 159.4 116.52 148.2 117.02 149.5 
114 03:51.742 110.48 168.4 112.66 158.9 116.02 147.7 116.24 148.9 
114 04:00.250 121.8 178.9 125.19 170.5 130.08 160.3 131.62 161.2 
114 04:00.750 121.49 179.5 124.96 171.2 129.89 161.0 131.75 161.9 
114 04:01.250 121.27 180.1 124.75 171.9 130.15 161.8 132.13 162.6 
114 04:01.750 121.58 180.8 124.84 172.5 129.76 162.5 131.22 163.3 
114 04:02.250 121.12 181.4 124.42 173.2 129.89 163.3 131.88 164.0 
114 04:02.750 120.99 182.0 124.36 173.9 129.84 164.0 131.89 164.8 
114 04:03.250 120.93 181.6 124.17 173.5 129.8 163.8 132.02 164.5 
114 04:03.750 120.24 181.2 123.57 173.3 129.04 163.6 131.34 164.4 
114 04:04.250 120.46 181.6 123.81 173.5 129.2 163.3 131.09 164.0 
114 04:04.750 120.41 181.8 123.94 173.5 129.39 163.7 131.71 164.9 
114 04:05.250 120.64 182.2 124.13 173.5 129.39 163.7 131.47 165.0 
114 04:05.750 121.14 182.5 124.51 173.6 129.4 163.3 130.91 164.4 
114 04:06.250 120.79 182.1 123.97 173.5 129.12 163.4 131.3 164.2 
114 04:06.742 120.3 181.3 123.34 172.9 128.36 162.5 130.27 163.8 
114 04:15.258 107.58 168.1 109.6 159.3 114.05 149.2 115.9 150.0 
114 04:15.750 107.68 167.3 109.74 158.6 113.96 148.5 115.7 149.3 
114 04:16.250 107.46 166.5 109.66 157.8 114.0 147.7 115.7 148.5 
114 04:16.750 107.6 165.8 109.84 157.0 113.99 146.9 115.79 147.6 
114 04:17.250 107.57 165.0 109.65 156.2 114.05 146.1 115.62 146.8 
114 04:17.750 107.62 164.2 109.57 155.4 113.89 145.3 115.34 146.0 
114 04:18.250 107.39 163.8 109.37 155.3 113.85 145.5 115.73 146.8 
114 04:18.750 107.54 163.8 109.47 155.1 113.76 145.1 115.42 146.6 
114 04:19.250 107.87 164.4 109.95 155.8 114.18 145.7 115.52 146.9 
114 04:19.750 107.54 164.1 109.6 155.6 114.04 145.8 115.9 147.0 
114 04:20.250 107.77 164.4 109.85 155.5 114.0 145.4 115.53 146.7 
114 04:20.750 107.82 164.4 109.9 155.6 114.06 145.6 115.63 146.8 
114 04:21.250 107.8 164.3 109.8 155.5 114.13 145.9 116.24 146.9 
114 04:21.742 107.98 164.7 110.01 155.7 114.04 145.6 115.37 146.4 
114 04:30.250 107.23 163.8 109.33 154.9 113.6 144.7 115.09 145.4 
114 04:30.750 107.21 163.8 109.2 154.8 113.47 144.6 114.7 145.3 
114 04:31.250 107.42 163.8 109.34 154.8 113.41 144.6 114.52 145.3 
114 04:31.750 107.17 163.7 109.13 154.7 113.36 144.5 114.54 145.2 
114 04:32.250 107.21 163.7 109.33 154.7 113.36 144.5 114.11 145.2 
114 04:32.750 107.25 163.6 109.16 154.6 113.27 144.4 114.27 145.1 
114 04:33.250 107.05 163.2 109.04 154.8 113.37 144.5 114.58 145.4 
114 04:33.750 106.82 162.8 108.79 154.4 113.14 144.6 115.0 145.6 
114 04:34.250 106.89 163.1 108.79 154.2 112.85 144.2 114.16 145.1 
114 04:34.750 106.69 162.8 108.49 153.9 112.72 143.9 114.12 144.9 
114 04:35.250 106.55 162.7 108.53 154.0 112.73 144.0 114.35 145.1 
114 04:35.750 106.89 163.0 108.68 154.0 112.45 143.5 113.37 144.2 
114 04:36.250 106.92 163.3 108.67 154.0 112.4 143.4 113.19 144.0 
114 04:36.750 109.5 163.2 110.77 154.0 114.84 142.9 113.95 143.9 
114 04:45.250 105.83 162.2 107.77 153.2 112.0 142.4 113.53 143.3 
114 04:45.750 105.9 162.1 107.73 153.1 111.7 142.4 112.93 143.2 
114 04:46.250 105.93 162.0 107.89 153.1 111.62 142.4 112.15 143.2 
114 04:46.750 105.81 161.9 107.8 152.9 111.73 142.7 112.78 143.8 
114 04:47.250 105.73 161.6 107.68 152.8 111.67 142.5 112.72 143.7 
114 04:47.750 105.85 161.7 107.57 152.8 111.54 142.1 112.3 143.7 
114 04:48.250 105.65 161.6 107.57 152.7 111.32 141.9 112.08 143.2 
114 04:48.750 105.64 161.7 107.53 152.5 110.99 141.7 111.58 142.7 
114 04:49.250 105.76 161.8 107.47 152.4 110.9 141.5 111.39 142.8 
114 04:49.750 105.68 161.8 107.49 152.4 110.8 141.4 111.28 142.5 
114 04:50.250 105.71 161.7 107.46 152.3 110.57 141.0 110.82 142.5 
114 04:50.750 105.76 161.9 107.49 152.4 110.43 140.8 110.65 142.4 
114 04:51.250 105.66 161.9 107.43 152.2 110.34 140.7 110.45 142.2 
114 04:51.742 105.24 160.9 106.93 151.6 109.69 140.4 110.04 141.6 
114 05:00.267 114.77 168.9 115.28 159.5 118.58 147.8 119.37 149.4 
114 05:00.750 114.55 169.4 115.08 159.9 118.22 148.3 118.8 149.9 
114 05:01.250 114.65 169.8 114.95 160.4 117.93 148.7 118.32 150.3 
114 05:01.750 114.56 170.3 114.84 160.9 117.88 149.1 118.25 150.8 
114 05:02.250 114.52 170.8 114.78 161.3 118.1 149.6 118.26 151.3 
114 05:02.750 114.44 171.2 114.83 161.8 118.04 150.0 118.21 151.7 
114 05:03.250 114.5 171.3 114.8 161.8 117.9 149.7 117.9 151.8 
114 05:03.750 114.24 170.9 114.55 161.4 117.58 149.4 117.81 151.2 
114 05:04.250 114.32 170.8 114.69 161.4 117.65 149.3 117.89 151.2 
114 05:04.750 114.23 171.1 114.7 161.3 117.49 149.2 117.67 151.1 
114 05:05.250 114.49 171.0 114.69 161.3 117.47 149.4 117.73 151.0 
114 05:05.750 114.21 171.0 114.53 160.9 117.34 149.3 117.6 150.9 
114 05:06.250 114.3 171.3 114.59 161.0 117.34 149.3 117.49 150.5 
114 05:06.750 116.16 170.4 115.88 160.4 119.07 148.6 118.39 150.1 
114 05:15.258 106.21 163.5 105.88 153.1 107.65 141.4 108.19 143.1 
114 05:15.750 106.18 163.1 105.94 152.7 107.92 140.9 108.32 142.7 
114 05:16.250 106.26 162.7 106.0 152.2 108.13 140.5 108.28 142.3 
114 05:16.750 106.14 162.3 106.0 151.8 108.04 140.1 108.2 141.9 
114 05:17.250 106.2 161.9 106.07 151.4 108.26 139.7 108.37 141.5 
114 05:17.750 106.32 161.5 106.15 150.9 108.32 139.2 108.5 141.1 
114 05:18.250 106.41 161.4 106.18 150.8 108.31 139.1 108.5 141.2 
114 05:18.750 106.48 161.6 106.29 151.0 108.25 139.1 108.53 141.0 
114 05:19.250 106.48 161.8 106.3 151.0 108.25 139.1 108.52 141.2 
114 05:19.750 106.29 161.5 106.11 150.7 108.01 138.9 108.42 141.0 
114 05:20.250 106.12 161.4 106.07 150.8 108.0 138.9 108.43 141.0 
114 05:20.750 106.33 161.2 106.06 150.9 108.15 139.0 108.42 141.0 
114 05:21.250 106.22 161.1 106.06 150.7 108.11 138.7 108.34 140.8 
114 05:21.750 108.31 161.0 107.71 150.7 110.41 138.7 109.7 140.7 
114 05:30.250 106.74 162.5 106.9 152.1 109.51 140.4 109.53 142.1 
114 05:30.750 106.96 162.5 107.18 152.2 109.71 140.5 109.64 142.1 
114 05:31.250 107.09 162.6 107.11 152.2 109.72 140.6 109.91 142.2 
114 05:31.750 107.22 162.7 107.27 152.3 109.65 140.7 109.9 142.3 
114 05:32.250 107.63 162.8 107.68 152.4 109.87 140.8 110.06 142.4 
114 05:32.750 107.65 162.9 107.56 152.5 109.89 140.9 109.84 142.5 
114 05:33.250 107.76 163.1 107.79 152.7 109.97 140.9 110.14 142.8 
114 05:33.750 107.76 163.3 107.74 152.8 109.87 141.0 110.13 142.7 
114 05:34.250 107.95 163.3 107.83 152.7 109.89 141.0 110.12 142.8 
114 05:34.750 107.94 163.1 107.84 152.7 109.9 141.0 110.25 142.7 
114 05:35.250 107.69 163.1 107.61 152.7 109.74 141.0 110.07 142.8 
114 05:35.750 107.89 163.2 107.8 152.9 109.82 140.8 110.24 143.0 
114 05:36.250 107.84 163.1 107.92 152.8 109.82 141.0 110.32 142.8 
114 05:36.742 107.22 162.1 107.29 152.1 109.43 140.2 109.73 142.1 
114 05:45.258 108.29 163.9 108.22 153.0 110.6 140.9 110.69 144.1 
114 05:45.750 108.28 164.0 108.28 153.0 110.45 141.0 110.43 144.2 
114 05:46.250 108.31 164.1 108.19 153.1 110.51 141.0 110.64 144.3 
114 05:46.750 108.07 163.4 108.08 153.1 110.39 141.4 110.45 143.5 
114 05:47.250 108.38 163.7 108.29 153.4 110.66 141.7 110.8 143.5 
114 05:47.750 108.46 163.8 108.35 153.5 110.77 141.8 110.81 143.6 
114 05:48.250 108.52 163.7 108.41 153.5 110.86 141.8 110.86 143.7 
114 05:48.750 108.15 163.4 108.16 153.1 110.5 141.5 110.52 143.4 
114 05:49.250 108.16 163.1 108.02 153.1 110.47 141.4 110.45 143.5 
114 05:49.750 107.87 162.8 107.95 153.0 110.27 141.0 110.37 143.2 
114 05:50.250 107.76 162.8 107.86 152.6 110.2 141.0 110.22 142.9 
114 05:50.750 107.86 162.7 107.83 152.6 110.1 140.9 110.21 142.9 
114 05:51.250 107.8 162.7 107.73 152.4 110.12 141.0 110.24 142.7 
114 05:51.742 107.47 162.2 107.46 152.1 109.65 140.4 109.74 142.7 
114 06:00.275 113.4 168.1 113.71 158.0 116.13 146.3 116.61 148.2 
114 06:00.750 113.4 168.4 113.68 158.4 116.17 146.6 116.57 148.5 
114 06:01.250 113.41 168.8 113.63 158.7 116.22 147.0 116.4 148.9 
114 06:01.750 113.24 169.1 113.52 159.1 115.97 147.3 116.34 149.2 
114 06:02.250 113.17 169.5 113.4 159.4 115.87 147.7 116.32 149.5 
114 06:02.750 113.34 169.8 113.62 159.8 116.21 148.0 116.76 149.8 
114 06:03.250 113.46 170.2 113.73 160.2 116.36 148.4 116.89 150.0 
114 06:03.750 115.38 172.2 115.72 162.5 118.32 150.5 118.64 152.5 
114 06:04.250 116.15 174.0 117.23 164.4 119.92 152.3 120.4 154.3 
114 06:04.750 111.88 170.6 114.26 160.8 116.97 148.9 117.17 151.0 
114 06:05.250 112.54 171.1 114.91 161.3 117.69 149.4 117.84 151.2 
114 06:05.750 112.03 170.5 114.2 160.6 116.81 148.6 117.06 150.4 
114 06:06.250 111.48 169.8 113.69 159.9 116.34 148.0 116.51 149.8 
114 06:06.750 113.76 169.3 115.45 159.4 118.88 147.7 117.64 149.9 
114 06:30.258 107.08 162.6 106.93 151.9 109.07 139.7 109.29 139.8 
114 06:30.750 107.3 162.4 107.03 151.8 108.96 139.5 109.44 139.6 
114 06:31.250 107.81 162.9 107.65 152.4 109.53 140.2 110.01 140.0 
114 06:31.750 108.21 163.4 107.89 152.7 109.73 140.4 110.17 140.2 
114 06:32.250 107.93 163.2 107.72 152.5 109.6 140.5 110.15 140.3 
114 06:32.750 107.57 162.7 107.33 152.2 109.17 140.0 109.55 139.8 
114 06:33.250 107.24 162.3 106.94 151.6 108.87 139.4 109.26 139.3 
114 06:33.750 107.12 161.9 106.84 151.6 108.7 139.4 109.28 139.3 
114 06:34.250 107.05 162.1 106.75 151.4 108.6 139.4 109.2 139.0 
114 06:34.750 107.16 162.0 106.92 151.5 108.72 139.2 109.26 139.0 
114 06:35.250 107.48 162.6 107.27 151.9 109.15 139.8 109.65 139.6 
114 06:35.750 107.68 162.8 107.46 152.2 109.31 140.0 109.87 139.9 
114 06:36.250 108.38 163.5 108.09 153.0 109.95 140.7 110.49 140.7 
114 06:36.750 110.97 163.7 110.24 153.1 112.88 141.1 112.35 140.9 
114 06:45.250 106.99 162.4 106.62 151.5 108.8 139.7 108.96 139.5 
114 06:45.750 106.9 162.3 106.62 151.4 108.72 139.6 108.86 139.4 
114 06:46.250 107.22 162.4 106.84 151.4 108.79 139.6 109.07 139.0 
114 06:46.750 107.24 162.4 106.92 151.6 108.73 139.5 109.02 139.0 
114 06:47.250 107.35 162.4 107.03 151.5 108.94 139.6 109.26 139.1 
114 06:47.750 107.29 162.3 107.0 151.6 108.94 139.7 109.46 139.0 
114 06:48.250 107.38 162.4 107.24 151.8 109.04 139.8 109.51 139.2 
114 06:48.750 107.47 162.4 107.2 151.7 108.96 139.8 109.57 139.2 
114 06:49.250 107.27 162.2 107.07 152.0 108.91 139.7 109.55 139.3 
114 06:49.750 107.24 162.3 107.08 151.8 109.02 139.6 109.41 139.3 
114 06:50.250 107.27 162.2 107.03 151.9 109.16 139.5 109.47 139.3 
114 06:50.750 107.06 162.1 106.9 151.9 109.08 139.6 109.29 139.3 
114 06:51.250 107.18 162.1 107.02 151.7 109.25 139.6 109.27 139.3 
114 06:51.742 107.14 162.2 106.84 151.5 108.95 139.9 109.29 139.0 
114 07:00.267 113.91 170.1 113.67 159.7 115.48 147.2 116.11 146.7 
114 07:00.750 114.01 170.5 113.76 160.2 115.71 147.6 116.39 147.1 
114 07:01.250 114.09 170.8 114.02 160.2 115.75 147.7 116.51 147.3 
114 07:01.750 114.28 171.0 114.18 160.5 116.01 148.0 116.61 147.5 
114 07:02.250 114.2 170.9 114.06 160.7 116.08 147.7 116.45 147.6 
114 07:02.750 114.09 170.7 114.03 160.4 116.23 147.5 116.48 147.3 
114 07:03.250 113.94 170.7 113.83 160.5 116.17 147.8 116.49 147.4 
114 07:03.750 113.95 170.7 113.95 160.2 116.04 148.1 116.45 147.4 
114 07:04.250 114.13 170.8 114.0 160.2 116.04 148.1 116.39 147.6 
114 07:04.750 114.2 170.9 114.17 160.2 116.21 148.3 116.67 147.6 
114 07:05.250 114.24 171.0 114.09 160.2 116.09 148.1 116.58 147.6 
114 07:05.750 114.06 170.7 113.93 160.0 115.88 147.8 116.43 147.5 
114 07:06.250 114.16 170.8 114.03 160.0 115.84 147.9 116.44 147.4 
114 07:06.742 113.87 170.6 113.69 159.8 115.55 147.4 116.16 146.9 
114 07:15.258 110.67 165.5 110.39 156.2 112.18 143.6 112.6 143.1 
114 07:15.750 110.58 165.2 110.48 156.0 112.23 143.4 112.9 142.9 
114 07:16.250 109.67 165.1 109.57 154.7 111.43 142.5 111.96 142.0 
114 07:16.750 109.54 165.1 109.47 154.7 111.31 142.3 111.83 141.9 
114 07:17.250 109.48 165.2 109.31 154.7 111.43 142.3 111.7 142.0 
114 07:17.750 109.13 164.9 109.02 154.2 110.95 142.2 111.46 141.8 
114 07:18.250 109.26 165.0 109.0 154.0 110.97 142.2 111.35 141.4 
114 07:18.750 109.32 165.1 109.02 154.1 111.23 142.6 111.4 141.7 
114 07:19.250 109.28 164.9 109.04 154.0 111.11 142.2 111.3 141.6 
114 07:19.750 109.23 164.8 108.86 153.9 110.94 142.2 111.35 141.8 
114 07:20.250 109.23 164.8 109.01 154.0 110.96 142.1 111.38 141.7 
114 07:20.750 109.38 164.8 109.09 154.1 110.95 142.2 111.41 141.5 
114 07:21.250 109.23 164.8 109.07 154.0 111.0 142.0 111.37 141.7 
114 07:21.750 110.97 164.3 110.36 153.7 113.04 141.7 112.28 141.3 
114 07:30.250 109.74 166.3 109.62 155.6 111.57 143.3 112.07 143.1 
114 07:30.750 109.93 166.4 109.71 155.7 111.59 143.4 112.23 143.2 
114 07:31.250 110.65 166.5 110.43 155.8 112.17 143.5 112.74 143.3 
114 07:31.750 111.21 167.4 111.1 156.8 112.95 144.3 113.41 144.3 
114 07:32.250 110.61 166.5 110.53 156.0 112.56 143.9 112.82 143.5 
114 07:32.750 110.51 166.5 110.28 155.6 112.27 143.9 112.61 143.3 
114 07:33.250 110.88 167.2 110.58 156.1 112.61 144.3 113.08 143.7 
114 07:33.750 110.97 167.0 110.66 156.2 112.76 144.3 113.02 143.8 
114 07:34.250 110.77 166.6 110.51 155.9 112.37 144.0 112.85 143.6 
114 07:34.750 110.48 166.5 110.32 155.7 112.25 143.8 112.53 143.2 
114 07:35.250 110.52 166.7 110.33 155.8 112.26 143.8 112.62 143.2 
114 07:35.750 110.71 166.8 110.34 156.0 112.36 143.9 112.72 143.4 
114 07:36.250 110.89 166.8 110.56 156.2 112.53 143.9 112.84 143.5 
114 07:36.750 113.3 166.0 112.48 155.4 115.42 143.3 114.27 142.8 
114 07:45.250 111.25 167.7 110.98 156.9 112.89 144.7 113.46 144.5 
114 07:45.750 111.48 167.8 111.28 157.0 113.06 144.7 113.74 144.5 
114 07:46.250 111.6 167.9 111.38 157.1 113.28 144.8 113.84 144.6 
114 07:46.750 111.86 168.3 111.55 157.3 113.37 145.1 113.9 144.9 
114 07:47.250 111.75 168.2 111.52 157.3 113.43 145.2 113.98 145.0 
114 07:47.750 111.94 168.5 111.65 157.4 113.38 145.2 113.94 145.3 
114 07:48.250 112.15 168.5 111.86 157.7 113.88 145.5 114.24 145.5 
114 07:48.750 112.39 168.7 112.11 158.0 114.08 145.6 114.34 145.8 
114 07:49.250 112.41 168.7 112.22 158.1 114.15 145.7 114.69 145.5 
114 07:49.750 112.64 168.9 112.32 158.3 114.15 145.9 114.69 145.7 
114 07:50.250 112.75 169.2 112.52 158.4 114.31 145.9 114.76 146.1 
114 07:50.750 112.87 169.3 112.5 158.6 114.29 146.1 114.88 146.0 
114 07:51.250 112.89 169.3 112.49 158.6 114.32 146.2 114.96 146.1 
114 07:51.742 112.47 168.9 112.0 157.9 113.51 145.5 114.28 145.6 
114 08:00.267 118.75 179.6 121.19 168.8 123.15 156.1 124.05 156.4 
114 08:00.750 119.1 180.2 121.72 169.4 123.66 156.7 124.55 157.0 
114 08:01.250 119.19 180.8 121.74 170.1 123.69 157.3 124.53 157.6 
114 08:01.750 119.54 181.0 121.98 170.4 123.77 157.4 124.78 157.8 
114 08:02.250 120.11 181.8 122.73 171.2 124.44 158.3 125.51 158.4 
114 08:02.750 120.15 182.2 122.68 171.2 124.56 158.3 125.55 158.3 
114 08:03.250 119.77 181.2 122.39 171.0 124.4 158.0 125.27 158.0 
114 08:03.750 119.88 181.6 122.54 171.2 124.68 158.2 125.55 158.3 
114 08:04.250 120.01 181.8 122.66 171.3 124.77 158.4 125.49 158.5 
114 08:04.750 119.83 181.4 122.33 171.1 124.52 158.2 125.24 158.1 
114 08:05.250 119.76 181.4 122.32 171.0 124.42 158.0 125.23 158.0 
114 08:05.750 120.21 182.2 122.85 171.2 124.8 158.2 125.62 158.6 
114 08:06.250 119.82 181.6 122.39 171.0 124.45 157.8 125.36 158.1 
114 08:06.750 121.65 180.7 123.6 169.8 126.25 156.7 125.8 157.3 
114 08:15.250 116.07 177.7 118.28 167.0 120.43 154.2 120.96 154.3 
114 08:15.750 116.33 177.5 118.52 166.8 120.7 154.1 121.23 154.2 
114 08:16.250 116.69 177.4 118.88 166.7 120.73 153.9 121.54 154.0 
114 08:16.750 117.05 177.6 119.35 167.0 121.08 154.1 122.19 154.5 
114 08:17.250 116.75 177.3 118.97 166.5 120.82 153.7 121.77 154.0 
114 08:17.750 116.64 176.7 118.55 166.0 120.42 152.9 121.4 153.6 
114 08:18.250 116.46 177.1 118.59 166.3 120.5 153.2 121.32 154.0 
114 08:18.750 116.59 177.4 118.74 166.5 120.78 153.5 121.35 154.2 
114 08:19.250 116.45 176.9 118.52 166.3 120.76 153.2 121.28 154.1 
114 08:19.750 116.24 176.9 118.34 166.4 120.72 153.3 121.13 154.0 
114 08:20.250 116.53 176.9 118.64 166.6 121.05 153.5 121.43 154.1 
114 08:20.750 117.21 177.6 119.5 167.0 121.82 154.4 122.08 154.8 
114 08:21.250 117.31 177.9 119.75 167.3 121.92 154.9 122.35 155.1 
114 08:21.750 119.66 177.7 121.46 167.3 124.85 154.3 123.81 155.1 
114 08:30.250 116.6 178.1 118.84 167.3 120.71 154.5 121.23 155.2 
114 08:30.750 117.12 178.1 119.38 167.3 121.18 154.5 122.07 155.2 
114 08:31.250 117.27 178.2 119.51 167.3 121.32 154.5 122.23 155.2 
114 08:31.750 117.63 178.0 120.08 167.5 122.04 154.8 122.68 155.0 
114 08:32.250 117.5 178.3 120.05 167.8 122.04 154.9 122.64 155.4 
114 08:32.750 117.32 178.5 119.83 167.7 121.87 154.7 122.4 155.6 
114 08:33.250 117.45 178.6 119.96 167.9 122.04 154.9 122.72 155.4 
114 08:33.750 117.75 178.9 120.04 168.0 122.32 155.4 122.78 155.7 
114 08:34.250 118.28 179.4 120.61 168.5 122.73 156.1 123.41 156.2 
114 08:34.750 118.63 179.9 120.96 169.1 123.04 156.5 123.76 156.6 
114 08:35.250 119.14 180.6 121.61 169.5 123.54 157.3 124.41 157.3 
114 08:35.750 118.96 180.7 121.48 169.7 123.42 157.2 124.14 157.3 
114 08:36.250 118.85 180.9 121.14 169.5 122.92 156.7 123.76 157.1 
114 08:36.742 118.34 180.0 120.48 168.6 122.08 155.9 123.19 156.1 
114 08:45.258 121.53 186.7 124.13 175.5 125.82 162.4 127.19 162.9 
114 08:45.750 122.25 187.1 125.18 175.9 126.74 162.7 128.09 163.3 
114 08:46.250 123.47 187.5 126.41 176.3 128.1 163.1 129.29 163.7 
114 08:46.750 124.15 187.7 127.24 176.9 129.13 163.8 130.08 163.9 
114 08:47.250 124.76 188.8 127.87 177.8 130.11 165.0 130.91 165.3 
114 08:47.750 124.41 188.5 127.58 177.6 129.85 164.8 130.67 164.8 
114 08:48.250 124.14 187.8 127.25 177.0 129.32 164.4 130.44 164.5 
114 08:48.750 124.32 187.8 127.38 176.8 129.12 164.2 130.35 164.4 
114 08:49.250 123.76 187.3 126.64 176.2 128.55 163.5 129.8 163.6 
114 08:49.750 123.13 186.3 125.81 174.8 127.63 162.2 128.87 162.5 
114 08:50.250 122.47 185.1 125.11 173.8 126.77 161.0 127.88 161.4 
114 08:50.750 120.97 183.5 123.61 172.1 125.1 159.4 126.49 159.8 
114 08:51.250 120.27 182.3 122.6 170.7 124.19 158.2 125.48 158.7 
114 08:51.750 122.03 181.6 123.96 170.4 126.47 157.4 126.34 158.1 
114 09:00.267 126.04 189.9 129.25 178.6 130.86 165.5 132.18 166.3 
114 09:00.750 126.28 190.4 129.2 179.1 130.73 165.9 132.27 166.8 
114 09:01.250 126.37 190.9 129.22 179.6 130.88 166.4 132.56 167.2 
114 09:01.750 126.2 191.0 129.25 179.5 130.98 166.4 132.56 167.2 
114 09:02.250 126.44 191.2 129.56 180.1 131.42 166.9 132.74 167.6 
114 09:02.750 126.65 191.1 129.93 180.0 131.67 167.0 132.9 167.6 
114 09:03.250 126.61 191.4 129.83 180.3 131.75 167.1 132.85 167.4 
114 09:03.750 126.61 191.5 129.94 180.4 131.68 167.1 133.11 167.6 
114 09:04.250 127.0 191.3 130.09 180.4 131.68 167.1 133.06 167.9 
114 09:04.750 127.03 191.5 130.11 180.2 131.99 167.3 133.28 167.9 
114 09:05.250 127.03 191.5 130.03 180.3 131.76 167.1 133.03 168.0 
114 09:05.750 126.84 191.9 130.08 180.4 131.6 167.4 133.18 168.2 
114 09:06.250 127.49 191.8 130.81 180.9 132.31 167.7 133.64 168.2 
114 09:06.750 129.77 191.6 132.58 180.7 135.34 167.7 135.09 168.1 
114 09:15.250 124.75 189.2 127.59 178.0 129.53 164.9 130.79 165.3 
114 09:15.750 125.29 189.1 128.36 177.9 130.06 164.7 131.28 165.1 
114 09:16.250 125.15 188.9 128.22 177.7 129.98 164.6 131.14 165.0 
114 09:16.750 124.99 188.9 127.89 177.9 129.84 164.9 131.05 165.3 
114 09:17.250 125.31 188.8 128.4 178.2 130.44 165.2 131.45 165.2 
114 09:17.750 125.45 189.5 128.43 178.4 130.44 165.0 131.4 165.8 
114 09:18.250 126.04 189.7 129.2 179.0 131.1 165.5 131.85 166.2 
114 09:18.750 125.49 189.8 128.81 179.2 131.09 165.8 132.02 166.5 
114 09:19.250 125.55 189.9 128.79 178.9 130.93 166.0 131.9 166.4 
114 09:19.750 125.99 190.2 129.09 179.2 131.14 166.2 132.2 167.0 
114 09:20.250 126.11 190.6 129.41 179.3 131.04 166.2 132.36 166.9 
114 09:20.750 125.88 190.1 129.31 179.5 131.34 166.3 132.33 166.6 
114 09:21.250 125.9 190.2 129.37 179.5 131.53 166.6 132.56 166.7 
114 09:21.742 126.29 190.6 129.42 179.7 131.41 166.7 132.6 166.8 
114 09:30.258 130.88 199.4 134.65 188.6 136.48 175.1 137.85 175.9 
114 09:30.750 131.59 199.9 135.58 189.1 137.53 175.6 138.76 176.4 
114 09:31.250 132.59 200.4 136.63 189.7 138.26 176.1 139.87 177.0 
114 09:31.750 134.41 202.2 138.63 191.2 140.62 177.2 141.97 178.4 
114 09:32.250 135.37 203.6 139.85 192.6 141.61 179.0 143.23 179.6 
114 09:32.750 135.77 204.0 140.17 193.2 142.11 179.9 143.78 180.2 
114 09:33.250 136.15 204.2 140.5 193.6 142.45 180.0 143.98 180.5 
114 09:33.750 135.43 203.6 140.06 193.2 142.02 179.5 143.45 179.9 
114 09:34.250 135.26 203.4 139.83 192.7 141.81 179.2 143.3 179.4 
114 09:34.750 135.54 203.7 139.9 193.0 142.03 179.1 143.24 179.8 
114 09:35.250 135.83 204.0 140.35 193.7 142.63 179.6 143.58 180.4 
114 09:35.750 135.34 203.8 139.6 193.2 142.07 179.2 143.47 180.2 
114 09:36.250 136.12 204.2 140.36 193.7 142.42 179.4 143.82 181.0 
114 09:36.750 139.39 205.2 143.15 194.5 146.56 180.4 146.05 181.6 
114 09:45.250 142.48 210.3 148.22 199.5 150.64 185.9 152.55 186.6 
114 09:45.750 141.73 210.6 147.11 199.8 149.38 186.2 151.3 186.9 
114 09:46.250 140.44 210.9 145.93 200.1 148.28 186.5 149.99 187.2 
114 09:46.750 140.76 211.4 146.28 201.1 148.78 187.3 150.27 187.7 
114 09:47.250 143.32 215.0 149.42 205.1 152.01 191.3 153.52 191.2 
114 09:47.750 144.89 216.9 150.86 207.0 153.96 193.2 155.12 193.2 
114 09:48.250 144.01 215.7 149.91 205.8 152.81 191.8 154.05 191.9 
114 09:48.750 141.12 211.8 146.63 201.1 149.19 187.2 150.17 188.2 
114 09:49.250 139.35 209.1 144.65 199.1 147.31 185.4 148.28 185.9 
114 09:49.750 138.46 208.3 143.81 198.0 145.96 183.8 147.43 184.7 
114 09:50.250 140.07 210.7 145.09 200.2 147.24 185.8 148.91 187.0 
114 09:50.750 143.45 214.9 148.63 204.0 150.63 189.9 152.62 191.3 
114 09:51.250 144.68 216.7 149.98 205.4 152.15 191.6 153.71 192.5 
114 09:51.750 150.35 220.0 155.54 208.7 159.11 194.7 159.49 195.8 
114 10:00.267 148.69 221.1 154.61 210.1 156.91 195.8 159.06 196.9 
114 10:00.750 147.84 221.2 153.91 210.2 155.85 195.8 157.74 197.0 
114 10:01.250 147.37 221.3 153.66 210.3 155.75 195.9 157.63 197.0 
114 10:01.750 147.8 221.3 153.67 210.4 155.71 196.0 157.69 197.1 
114 10:02.250 148.21 221.6 154.41 211.4 156.7 197.0 158.49 198.0 
114 10:02.750 147.11 220.4 153.32 209.9 155.67 195.4 157.37 196.5 
114 10:03.250 147.85 221.5 154.08 210.8 156.37 196.6 158.08 197.5 
114 10:03.750 148.62 222.4 154.53 211.1 155.99 197.0 158.41 198.1 
114 10:04.250 148.51 222.2 154.02 210.7 155.85 196.7 158.19 197.8 
114 10:04.750 146.85 220.4 152.2 208.3 153.85 194.6 156.33 195.5 
114 10:05.250 147.4 221.0 152.45 208.7 153.98 194.3 156.63 195.9 
114 10:05.750 149.21 223.3 154.91 211.9 156.39 197.5 158.94 198.3 
114 10:06.250 148.52 222.3 154.26 211.0 156.05 196.7 158.52 197.6 
114 10:06.742 148.2 222.2 153.73 210.6 155.37 196.0 158.05 197.3 
114 10:15.258 145.02 220.2 150.87 210.8 155.17 197.5 156.54 197.0 
114 10:15.750 145.81 220.1 151.94 210.8 156.19 197.6 157.58 196.9 
114 10:16.250 145.73 220.0 151.98 210.8 156.04 197.7 157.49 196.9 
114 10:16.750 147.32 219.9 153.44 210.8 157.44 197.8 158.91 196.9 
114 10:17.250 146.6 219.3 152.61 209.8 156.3 196.7 158.06 195.8 
114 10:17.750 145.65 217.9 151.97 209.2 155.97 196.4 157.79 195.0 
114 10:18.250 144.94 216.4 150.97 207.9 155.37 195.2 156.62 193.7 
114 10:18.750 145.05 216.7 151.13 208.4 155.52 195.1 156.84 194.3 
114 10:19.250 145.13 217.3 151.49 209.1 156.03 195.8 157.56 194.7 
114 10:19.750 145.32 217.4 151.5 208.8 156.35 196.2 157.85 195.2 
114 10:20.250 144.69 216.5 150.82 207.6 155.28 195.2 156.8 194.1 
114 10:20.750 144.53 216.8 150.29 207.5 154.69 194.5 156.05 193.9 
114 10:21.250 145.73 218.1 151.77 208.9 156.01 196.1 157.45 195.2 
114 10:21.742 145.31 217.3 151.34 207.9 155.15 195.8 156.58 194.4 
114 10:30.250 153.77 225.2 160.85 216.3 165.47 203.1 167.4 201.8 
114 10:30.750 153.17 225.7 159.86 216.8 164.05 203.5 166.3 202.2 
114 10:31.250 152.36 226.2 158.95 217.3 162.91 204.0 164.85 202.6 
114 10:31.750 151.74 226.6 158.63 217.8 162.74 204.4 164.88 203.1 
114 10:32.250 151.91 226.5 158.63 217.6 163.2 204.4 164.74 203.2 
114 10:32.750 152.53 227.2 159.53 218.6 164.08 206.0 165.96 204.5 
114 10:33.250 154.39 229.8 161.44 221.4 166.49 208.4 168.03 207.0 
114 10:33.750 155.51 232.4 163.16 223.9 167.84 210.4 169.65 209.0 
114 10:34.250 155.58 231.9 163.26 223.8 168.27 210.8 170.2 209.5 
114 10:34.750 156.24 232.7 163.46 223.8 168.35 210.7 170.29 209.7 
114 10:35.250 156.38 233.0 163.72 224.4 168.02 210.8 170.22 209.9 
114 10:35.750 156.98 234.1 164.13 224.7 168.73 211.4 170.81 210.4 
114 10:36.250 158.21 235.0 165.71 226.6 170.34 213.0 171.9 211.9 
114 10:36.750 159.43 233.6 166.48 225.3 172.72 212.6 172.8 211.2 
114 10:45.250 163.33 242.8 171.61 235.1 176.37 221.5 178.93 220.5 
114 10:45.750 162.97 243.3 171.14 235.6 176.34 222.0 178.98 221.1 
114 10:46.250 163.07 243.8 171.58 236.2 176.75 222.5 178.72 221.6 
114 10:46.750 164.7 244.4 173.27 236.8 178.48 223.0 180.65 222.2 
114 10:47.250 163.55 243.6 171.87 235.3 177.0 222.2 179.49 220.8 
114 10:47.750 166.89 247.7 175.34 239.4 180.44 226.2 182.83 224.7 
114 10:48.250 168.42 249.6 176.84 241.5 182.9 228.4 185.08 227.1 
114 10:48.750 168.81 250.1 177.3 242.1 182.81 228.3 184.87 227.4 
114 10:49.250 168.2 249.3 176.21 240.9 181.37 226.8 183.5 226.5 
114 10:49.750 166.48 247.4 174.81 239.0 179.46 224.7 181.68 224.6 
114 10:50.250 166.05 246.4 174.23 237.7 178.66 224.0 181.09 224.0 
114 10:50.750 165.67 246.0 173.68 237.5 178.67 223.5 180.78 222.9 
114 10:51.250 165.74 246.1 173.83 237.5 178.51 223.5 180.88 223.1 
114 10:51.742 166.28 246.3 174.28 237.7 178.92 223.9 180.94 223.5 
114 11:00.300 121.9 195.4 124.67 185.1 127.23 172.3 128.05 172.1 
114 11:00.850 121.36 192.1 123.98 181.7 126.51 169.0 127.3 168.8 
114 11:01.408 121.79 188.8 124.73 178.3 127.66 165.6 128.32 165.4 
114 11:01.958 122.6 185.5 125.35 174.9 127.79 162.3 128.67 162.1 
114 11:02.517 124.46 188.3 127.55 177.6 130.03 165.0 130.94 164.9 
114 11:03.075 123.86 187.7 126.58 176.6 129.22 163.8 130.16 164.4 
114 11:03.625 123.86 187.4 126.52 176.5 128.94 163.6 130.01 164.0 
114 11:04.183 124.14 187.9 127.19 177.3 129.93 164.4 130.63 164.7 
114 11:04.733 126.47 191.0 129.73 180.7 132.46 167.6 133.38 168.1 
114 11:15.300 144.1 230.5 148.81 219.8 152.3 205.3 153.3 206.8 
114 11:15.850 147.92 232.6 153.46 221.8 157.45 207.2 158.29 208.8 
114 11:16.408 154.5 234.7 160.72 223.9 164.56 209.2 165.57 210.8 
114 11:16.958 158.21 236.7 164.3 225.9 168.14 211.2 169.32 212.8 
114 11:17.517 160.76 239.6 167.07 229.4 170.58 214.8 172.93 216.0 
114 11:18.075 159.61 237.7 165.5 227.6 169.29 213.1 171.67 214.0 
114 11:18.625 159.49 237.4 165.61 227.4 169.71 213.5 172.42 214.4 
114 11:19.183 163.06 243.5 168.71 230.6 171.25 216.4 175.45 219.5 
114 11:19.733 161.06 240.5 166.59 228.0 169.18 214.3 173.59 216.7 
114 11:45.283 220.76 313.2 226.18 298.5 227.06 282.7 236.94 287.9 
114 11:45.833 220.83 314.7 226.15 300.0 226.41 284.2 235.31 289.4 
114 11:46.392 219.24 316.3 225.1 301.5 225.65 285.7 234.72 291.0 
114 11:46.942 217.69 317.9 224.04 303.1 224.97 287.2 233.99 292.5 
114 11:47.500 216.9 316.9 223.37 301.4 224.79 286.3 232.35 291.4 
114 11:48.058 215.41 315.0 222.56 301.6 223.9 285.2 231.51 290.5 
114 11:48.608 214.15 313.9 221.45 300.6 223.52 283.6 230.64 289.0 
114 11:49.167 215.07 314.0 221.34 299.7 222.51 282.8 230.26 289.0 
114 11:49.717 211.72 310.1 218.14 296.5 219.31 279.2 226.81 284.5 
114 12:00.275 162.66 253.0 168.82 239.5 169.3 225.8 174.92 230.4 
114 12:00.817 163.82 250.1 169.96 236.6 170.29 223.1 176.2 227.6 
114 12:01.358 163.73 247.2 170.0 233.7 170.66 220.4 176.56 224.9 
114 12:01.908 163.27 244.2 169.48 230.7 170.26 217.6 176.26 222.0 
114 12:02.458 164.84 246.6 170.85 231.4 170.09 217.1 176.99 222.4 
114 12:03.000 164.79 247.0 170.74 231.2 169.91 216.7 176.5 222.0 
114 12:03.542 163.89 245.1 169.79 231.3 170.41 217.1 176.12 221.8 
114 12:04.092 163.98 244.2 169.28 229.9 170.25 216.5 176.33 220.8 
114 12:04.642 162.6 243.5 168.31 229.2 169.16 215.4 175.09 220.3 
114 12:05.183 162.78 243.2 168.71 229.6 169.34 216.0 175.85 220.8 
114 12:05.717 162.72 242.6 168.22 229.0 168.35 215.8 175.04 221.0 
114 12:15.283 193.12 273.0 200.1 259.8 203.78 244.6 207.98 251.8 
114 12:15.817 191.07 274.7 198.3 261.5 201.57 246.2 206.93 253.5 
114 12:16.358 189.7 276.4 196.35 263.2 200.31 247.9 205.54 255.2 
114 12:16.908 188.38 278.2 195.33 265.0 199.17 249.5 204.68 257.0 
114 12:17.458 186.94 277.2 194.2 264.1 197.96 248.7 202.74 255.6 
114 12:18.000 185.93 274.9 192.81 262.2 196.74 246.8 201.11 253.9 
114 12:18.542 184.61 273.6 191.82 260.9 195.93 244.8 200.01 252.4 
114 12:19.092 182.75 272.0 190.24 260.1 194.23 243.5 198.77 250.9 
114 12:19.642 182.92 271.3 189.97 258.6 194.63 243.2 198.74 249.6 
114 12:20.183 182.39 269.9 189.15 257.7 194.23 242.2 198.11 248.4 
114 12:20.717 180.24 267.1 187.5 255.7 192.37 240.3 196.06 245.5 
114 12:30.300 167.72 249.8 174.28 239.4 178.84 224.4 183.34 227.7 
114 12:30.850 166.84 248.8 173.43 238.5 177.75 223.5 182.33 226.7 
114 12:31.408 166.43 247.8 173.09 237.5 177.27 222.6 181.75 225.6 
114 12:31.958 165.7 246.8 172.49 236.6 176.74 221.7 181.36 224.6 
114 12:32.517 164.9 246.4 171.28 235.9 175.82 220.6 180.13 224.3 
114 12:33.075 164.48 245.5 170.86 235.2 175.43 219.9 179.41 223.5 
114 12:33.625 164.0 244.1 169.87 233.5 174.57 218.8 178.7 222.1 
114 12:34.183 162.93 242.7 169.12 232.6 173.63 217.2 177.95 221.3 
114 12:34.733 161.9 242.4 167.96 231.5 172.55 216.7 177.26 220.3 
114 12:45.275 125.29 190.3 128.03 179.1 131.11 166.0 133.05 167.8 
114 12:45.817 126.03 190.8 128.54 179.5 131.27 166.1 133.45 168.2 
114 12:46.358 125.75 190.6 128.34 179.3 131.05 165.8 133.32 168.0 
114 12:46.908 125.5 190.0 127.99 178.6 130.71 165.5 132.84 167.4 
114 12:47.458 124.82 189.3 127.25 178.2 129.95 164.8 132.09 166.9 
114 12:48.000 124.47 188.8 126.89 177.7 129.83 164.4 131.77 166.4 
114 12:48.542 124.4 188.7 126.77 177.4 129.57 164.0 131.52 166.0 
114 12:49.092 124.22 188.5 126.5 177.2 129.22 164.0 131.25 166.4 
114 12:49.642 124.11 188.1 126.38 176.9 128.98 163.5 131.18 165.5 
114 12:50.183 123.74 187.6 126.14 176.4 128.84 163.1 130.89 165.0 
114 12:50.717 122.74 186.5 124.89 175.2 127.62 162.0 129.9 164.1 
114 13:00.283 147.99 216.7 152.75 206.6 156.94 191.9 160.43 194.5 
114 13:00.817 147.89 218.4 152.89 208.3 157.19 193.5 160.45 196.2 
114 13:01.358 147.84 220.1 152.7 210.1 156.89 195.2 160.38 197.9 
114 13:01.908 147.98 221.8 152.87 211.9 157.0 196.9 160.38 199.6 
114 13:02.458 147.91 222.5 152.83 211.9 156.8 197.2 160.38 200.3 
114 13:03.000 148.15 222.8 152.6 211.9 157.05 197.2 160.09 200.3 
114 13:03.542 148.13 222.8 152.94 211.9 157.09 197.5 160.49 200.9 
114 13:04.092 148.33 222.9 152.95 212.2 157.32 197.3 160.67 200.9 
114 13:04.642 148.34 223.0 153.2 212.1 157.29 197.4 161.04 200.9 
114 13:05.183 148.65 223.3 153.21 212.2 157.5 197.8 160.56 200.8 
114 13:05.725 150.44 222.8 154.4 210.6 158.58 195.1 161.1 195.7 
114 13:15.283 148.89 225.4 153.55 212.9 157.14 198.2 160.96 202.3 
114 13:15.817 149.1 225.5 153.53 213.0 157.56 198.4 160.99 202.6 
114 13:16.358 149.27 225.7 153.68 213.2 157.47 198.5 161.37 203.0 
114 13:16.908 149.4 225.8 153.66 213.3 157.93 198.7 161.49 203.4 
114 13:17.458 149.74 225.3 154.34 213.5 158.34 199.2 161.93 202.4 
114 13:18.000 150.33 226.1 154.83 214.3 158.75 199.7 162.32 202.6 
114 13:18.542 150.73 227.1 155.32 214.8 159.0 200.1 162.73 203.1 
114 13:19.092 151.17 228.0 155.93 215.5 159.77 201.1 163.18 204.0 
114 13:19.642 151.77 228.6 156.56 216.3 160.23 201.8 163.5 204.8 
114 13:20.183 152.65 229.8 157.49 217.4 161.27 202.7 164.85 206.3 
114 13:20.717 153.29 230.4 157.82 218.2 161.55 203.6 165.33 206.5 
114 13:30.283 170.78 252.3 175.22 237.1 178.08 223.6 185.7 229.9 
114 13:30.833 171.23 253.6 175.33 238.2 178.64 224.8 186.17 231.2 
114 13:31.392 172.07 254.9 176.28 239.3 180.12 225.9 186.2 232.6 
114 13:31.942 172.69 256.1 176.34 240.4 179.81 227.1 186.1 233.9 
114 13:32.500 172.91 257.4 177.07 241.5 180.35 228.3 186.27 235.3 
114 13:33.058 173.66 258.4 177.24 241.6 180.26 228.6 187.0 236.4 
114 13:33.608 173.25 257.8 177.04 241.7 180.41 228.4 187.36 236.7 
114 13:34.167 173.27 258.2 177.43 241.9 180.58 228.7 187.58 237.4 
114 13:34.725 176.58 260.8 179.08 243.4 183.95 228.2 189.02 233.8 
114 13:45.275 158.34 239.6 159.56 219.0 159.77 204.3 164.79 213.3 
114 13:45.817 158.81 239.8 159.8 219.5 160.19 204.7 165.29 213.8 
114 13:46.358 158.55 239.6 159.48 219.2 159.97 204.7 165.41 213.6 
114 13:46.908 158.83 239.4 159.97 219.2 160.71 204.6 165.89 213.4 
114 13:47.458 159.47 240.5 160.65 220.4 161.07 205.6 165.76 214.4 
114 13:48.000 160.91 243.5 161.82 221.3 161.62 206.8 166.94 216.6 
114 13:48.542 159.84 242.1 161.12 220.2 161.11 206.6 167.25 216.1 
114 13:49.092 160.28 242.3 161.53 221.1 161.47 206.3 166.88 215.9 
114 13:49.642 159.6 241.9 161.23 221.2 160.95 206.6 166.59 216.2 
114 13:50.183 160.07 241.1 162.03 221.4 162.06 207.0 167.34 215.6 
114 13:50.725 163.02 242.5 163.64 222.5 163.97 205.7 168.18 211.2 
114 14:00.283 159.79 233.8 164.89 218.5 165.51 202.3 168.33 206.2 
114 14:00.817 157.14 233.3 162.36 218.3 163.44 202.1 165.98 205.9 
114 14:01.358 155.52 232.8 160.72 218.1 162.03 202.0 164.54 205.7 
114 14:01.908 154.05 232.3 159.51 217.9 160.71 201.8 162.85 205.4 
114 14:02.458 152.99 231.8 158.5 217.6 159.63 201.6 161.65 205.1 
114 14:03.000 152.67 230.9 158.39 217.6 159.85 201.2 161.42 204.2 
114 14:03.542 152.61 231.0 158.26 217.7 159.81 201.3 161.35 204.8 
114 14:04.092 152.24 230.7 158.24 217.7 159.96 201.4 161.25 204.6 
114 14:04.642 152.28 230.7 157.89 217.4 159.83 201.2 161.31 204.6 
114 14:05.183 152.29 230.8 158.23 217.7 160.23 201.6 161.46 205.1 
114 14:05.725 154.5 231.4 159.38 218.0 162.39 200.4 162.4 201.0 
114 14:15.283 178.99 265.1 184.25 248.7 184.29 229.1 187.19 234.8 
114 14:15.817 179.72 267.0 184.74 250.4 184.47 230.7 187.47 236.7 
114 14:16.358 179.65 268.9 184.6 252.1 184.42 232.3 187.75 238.6 
114 14:16.908 180.36 270.8 184.51 253.9 184.88 233.9 188.21 240.6 
114 14:17.458 182.08 272.7 185.8 255.6 185.27 235.6 189.1 242.5 
114 14:18.000 181.12 271.4 184.86 254.8 185.75 235.1 188.97 242.2 
114 14:18.542 180.39 271.0 183.2 252.8 185.14 233.6 189.33 241.7 
114 14:19.092 180.15 271.0 182.65 251.9 184.24 233.3 188.65 241.9 
114 14:19.642 180.71 272.3 182.83 252.2 184.39 233.6 189.14 243.3 
114 14:20.183 180.42 270.0 183.38 252.4 185.06 233.7 188.82 242.2 
114 14:20.717 178.55 267.9 182.1 252.0 184.37 232.1 187.42 239.9 
114 14:30.283 170.77 256.2 175.98 241.9 178.42 223.7 179.86 229.2 
114 14:30.817 169.31 255.5 175.24 241.3 177.16 223.2 179.35 228.6 
114 14:31.358 169.99 254.8 175.85 240.7 178.07 222.7 180.1 228.0 
114 14:31.908 169.7 254.2 175.21 240.1 177.35 222.2 179.85 227.3 
114 14:32.458 169.76 253.5 174.73 239.6 175.27 221.8 178.73 226.7 
114 14:33.000 170.14 253.7 175.65 241.2 176.39 222.6 179.48 226.9 
114 14:33.542 169.55 253.0 174.86 239.9 176.02 220.9 179.24 227.2 
114 14:34.092 167.93 252.6 173.9 238.8 175.4 220.0 177.76 225.4 
114 14:34.642 166.98 250.1 173.36 238.3 175.58 220.0 177.07 223.8 
114 14:35.183 165.01 246.8 171.53 236.5 174.42 218.7 176.23 221.4 
114 14:35.725 168.28 248.0 172.71 234.3 175.02 213.9 176.36 217.6 
114 14:45.283 171.49 250.4 178.43 236.1 180.44 219.2 182.0 223.0 
114 14:45.833 169.48 250.6 176.33 236.2 178.69 219.5 179.89 223.3 
114 14:46.392 168.99 250.7 175.6 236.3 177.52 219.8 178.91 223.6 
114 14:46.942 168.08 250.9 174.05 236.5 175.85 220.1 178.29 224.0 
114 14:47.500 167.93 251.0 173.52 236.6 175.49 220.4 178.04 224.3 
114 14:48.058 168.33 252.0 173.92 237.8 174.8 220.4 177.46 225.3 
114 14:48.608 168.64 252.8 174.53 238.4 175.43 221.3 178.36 225.8 
114 14:49.167 167.65 250.7 173.67 236.9 175.28 220.9 178.63 224.7 
114 14:49.717 165.44 247.3 171.23 234.1 173.33 218.2 176.71 222.1 
114 15:00.275 154.2 231.7 159.58 218.4 161.83 204.8 163.69 206.7 
114 15:00.817 153.21 230.9 158.08 217.6 160.61 204.1 163.31 205.9 
114 15:01.358 152.56 230.1 157.29 216.7 159.95 203.4 162.18 205.2 
114 15:01.908 152.77 229.3 157.43 215.9 159.97 202.7 162.62 204.4 
114 15:02.458 152.39 228.5 156.66 215.1 159.64 202.0 162.12 203.6 
114 15:03.000 152.23 229.3 156.08 215.6 159.29 203.0 163.21 205.6 
114 15:03.542 153.32 231.0 157.07 216.7 159.8 203.6 163.67 206.7 
114 15:04.092 152.96 230.4 156.99 217.1 159.83 203.5 163.39 206.1 
114 15:04.642 152.5 230.0 156.42 215.8 159.11 202.3 163.01 206.0 
114 15:05.183 152.16 229.3 156.55 216.3 159.55 202.6 162.71 205.1 
114 15:05.717 153.35 230.2 158.01 217.9 161.17 204.3 163.36 206.0 
114 15:15.283 144.19 213.0 149.45 202.0 152.73 188.4 154.1 189.0 
114 15:15.817 142.96 212.0 147.75 201.2 151.0 187.5 152.56 188.0 
114 15:16.358 141.71 211.0 146.2 200.3 149.85 186.6 151.09 187.1 
114 15:16.908 140.47 210.0 145.37 199.3 148.67 185.7 149.78 186.1 
114 15:17.458 139.49 209.0 144.18 198.4 147.22 184.8 148.09 185.1 
114 15:18.000 138.59 208.1 142.89 197.4 145.86 183.9 147.03 184.3 
114 15:18.542 137.12 206.5 141.65 196.4 145.12 183.2 146.09 182.9 
114 15:19.092 136.77 205.4 141.34 195.6 144.75 182.5 145.81 182.2 
114 15:19.642 136.51 204.8 141.02 195.2 144.37 182.0 145.06 181.8 
114 15:20.183 135.36 203.9 139.97 193.9 143.35 180.8 144.15 180.6 
114 15:20.725 136.02 201.5 139.95 191.3 143.78 176.5 143.8 175.5 
114 15:30.283 137.99 210.4 142.78 201.3 146.57 188.2 147.66 186.3 
114 15:30.833 138.72 211.0 144.02 201.9 148.4 188.9 149.64 186.9 
114 15:31.392 140.28 211.5 145.84 202.5 149.88 189.5 151.19 187.6 
114 15:31.942 140.99 212.0 146.74 203.0 150.92 190.2 152.42 188.2 
114 15:32.500 141.35 212.5 147.16 203.6 151.22 190.9 152.35 188.8 
114 15:33.058 141.36 212.1 146.8 203.4 151.38 190.5 152.44 189.4 
114 15:33.608 140.45 210.8 146.0 202.2 150.86 189.8 152.01 188.5 
114 15:34.167 138.69 208.6 144.31 199.8 149.12 187.3 150.01 186.6 
114 15:34.717 139.47 209.7 145.0 201.0 150.6 189.3 151.82 187.7 
114 15:45.283 144.5 220.9 149.31 208.8 151.99 196.1 153.62 196.5 
114 15:45.833 144.89 221.5 149.87 209.2 152.41 196.5 153.92 197.0 
114 15:46.392 145.97 222.1 150.77 209.6 153.13 196.8 154.76 197.5 
114 15:46.942 147.74 222.7 152.67 210.0 154.89 197.2 156.61 197.9 
114 15:47.500 148.3 223.3 153.28 210.4 155.78 197.5 157.14 198.4 
114 15:48.058 148.75 223.6 153.14 210.5 155.88 197.6 157.45 199.2 
114 15:48.608 149.89 225.8 154.31 211.4 156.37 198.7 158.44 200.7 
114 15:49.167 149.96 225.6 154.27 211.7 156.53 198.6 158.62 200.8 
114 15:49.725 152.37 225.0 155.66 210.1 158.29 194.7 160.13 195.7 
114 16:00.275 142.23 212.0 146.21 197.1 146.99 184.6 150.14 187.6 
114 16:00.833 141.55 211.3 145.66 196.4 146.49 184.0 149.12 187.2 
114 16:01.392 139.84 210.7 143.98 195.7 144.98 183.5 147.38 186.8 
114 16:01.942 139.09 210.0 143.09 195.1 144.17 183.0 147.97 186.3 
114 16:02.500 137.88 209.3 141.78 194.4 142.92 182.4 146.69 185.9 
114 16:03.058 136.6 207.6 140.37 193.4 141.65 182.2 145.45 184.6 
114 16:03.608 135.86 206.5 139.74 192.7 141.08 180.8 144.38 183.2 
114 16:04.167 134.14 203.6 138.01 190.5 139.17 178.5 142.32 180.5 
114 16:04.717 131.83 200.4 135.29 187.3 137.0 175.2 139.65 177.2 
114 16:15.283 136.65 199.0 142.06 188.6 145.21 176.5 145.87 176.0 
114 16:15.833 135.28 198.9 140.4 188.7 143.57 176.5 144.28 176.0 
114 16:16.392 133.8 198.8 138.7 188.8 141.9 176.6 142.31 175.9 
114 16:16.942 133.81 198.7 138.9 188.8 142.22 176.7 143.09 175.8 
114 16:17.500 132.51 198.7 137.28 188.9 140.47 176.7 141.16 175.8 
114 16:18.058 131.58 198.2 136.56 188.7 139.66 176.4 140.23 175.8 
114 16:18.608 131.79 198.7 136.96 189.2 140.31 177.2 140.8 176.5 
114 16:19.167 132.22 198.9 137.16 189.2 140.31 177.2 141.04 176.2 
114 16:19.717 131.69 198.2 136.49 189.0 140.0 177.1 140.69 176.1 
114 16:31.283 128.37 190.7 132.5 181.8 137.67 170.6 138.66 169.0 
114 16:31.817 128.86 190.3 133.25 181.5 138.32 170.3 139.37 168.7 
114 16:32.358 127.56 190.0 131.75 181.1 136.92 170.0 137.88 168.4 
114 16:32.908 126.02 189.6 129.99 180.8 135.06 169.6 136.0 168.0 
114 16:33.458 123.85 187.1 127.74 178.1 132.33 167.1 133.18 165.3 
114 16:34.000 121.25 183.3 124.88 174.5 129.66 164.1 130.67 162.2 
114 16:34.542 120.96 182.6 124.56 174.3 129.58 163.6 130.95 161.7 
114 16:35.092 121.28 183.0 124.6 174.6 129.75 163.8 130.73 162.0 
114 16:35.642 121.54 183.7 125.04 175.2 130.14 164.6 131.34 163.0 
114 16:36.183 120.5 182.3 123.9 174.0 129.11 163.4 130.59 162.2 
114 16:36.717 118.5 179.6 121.56 170.8 126.85 160.6 128.33 159.6 
114 16:45.275 117.82 178.5 120.97 169.5 125.81 159.4 126.83 158.1 
114 16:45.833 117.98 178.6 121.25 169.7 126.06 159.6 127.38 158.2 
114 16:46.392 118.36 179.0 121.54 170.5 126.77 160.4 128.16 158.8 
114 16:46.942 117.57 177.8 120.75 169.5 125.89 159.5 127.88 158.0 
114 16:47.500 117.75 178.3 121.13 170.0 126.35 160.0 128.01 158.2 
114 16:48.058 117.27 177.8 120.54 169.3 125.76 159.3 127.4 157.6 
114 16:48.608 115.9 175.9 119.0 167.5 123.97 157.5 125.8 156.2 
114 16:49.167 114.48 173.8 117.21 164.9 122.09 155.1 123.92 153.8 
114 16:49.717 113.89 173.3 116.61 164.3 121.4 154.3 122.67 152.8 
114 17:00.283 109.39 166.3 109.41 157.2 113.9 147.0 114.99 145.4 
114 17:00.833 108.95 166.0 108.89 156.8 113.25 146.6 114.46 145.0 
114 17:01.392 107.9 165.6 108.05 156.4 112.06 146.2 112.84 144.7 
114 17:01.942 109.21 165.2 109.19 156.1 113.29 145.9 113.96 144.3 
114 17:02.500 109.69 164.9 109.9 155.7 114.04 145.5 114.81 143.9 
114 17:03.058 109.33 164.5 109.48 155.3 113.6 145.1 114.41 143.5 
114 17:03.608 109.54 164.6 109.68 155.6 113.51 145.0 114.16 143.6 
114 17:04.167 109.48 164.7 109.6 155.4 113.72 145.3 114.52 143.9 
114 17:04.717 108.81 163.8 108.79 154.6 113.02 144.3 113.88 143.0 
114 17:15.275 114.27 169.8 114.47 160.5 119.22 150.1 120.31 148.6 
114 17:15.833 114.64 170.1 114.68 160.8 119.06 150.4 119.71 148.9 
114 17:16.392 114.63 170.4 115.35 161.1 118.99 150.7 119.12 149.2 
114 17:16.942 112.55 170.7 114.79 161.4 118.66 151.0 118.96 149.5 
114 17:17.500 112.41 171.1 114.71 161.7 118.77 151.3 119.2 149.8 
114 17:18.058 112.72 171.4 115.14 162.0 119.31 151.6 119.76 150.1 
114 17:18.608 112.56 171.1 114.97 161.7 119.17 151.3 119.75 149.7 
114 17:19.167 112.71 171.3 114.84 161.8 118.8 150.8 119.15 149.2 
114 17:19.717 111.49 169.6 113.49 160.0 116.96 149.1 117.24 147.5 
114 17:31.283 121.83 181.0 124.7 171.6 129.16 160.8 129.74 159.0 
114 17:31.833 121.37 181.6 124.47 172.1 128.96 161.3 129.8 159.6 
114 17:32.392 120.33 182.1 123.4 172.7 128.2 161.9 129.05 160.2 
114 17:32.942 120.63 182.6 123.69 173.2 128.46 162.4 129.24 160.7 
114 17:33.500 121.54 183.2 124.77 174.2 129.39 163.5 130.07 161.8 
114 17:34.058 124.25 187.3 127.77 178.5 132.99 167.9 133.91 166.1 
114 17:34.608 125.55 188.7 129.3 180.3 134.28 169.4 134.71 167.1 
114 17:35.167 125.86 189.3 129.72 180.7 134.75 170.0 135.21 167.9 
114 17:35.725 126.59 186.9 129.71 178.2 135.19 165.6 135.45 162.6 
114 17:45.283 130.74 196.2 135.18 186.2 139.37 175.6 140.34 174.5 
114 17:45.833 130.91 196.3 135.19 186.4 139.38 175.7 139.84 174.7 
114 17:46.392 130.61 196.2 134.98 186.3 138.87 175.2 139.83 174.9 
114 17:46.942 131.01 197.2 135.59 187.2 139.61 175.4 140.13 175.3 
114 17:47.500 133.6 200.6 137.71 188.7 140.74 177.4 141.56 178.1 
114 17:48.058 137.91 207.3 142.11 194.6 144.22 182.3 145.27 183.9 
114 17:48.608 139.09 209.3 143.76 196.7 145.32 183.1 145.25 184.8 
114 17:49.167 137.2 206.6 141.71 194.2 142.98 180.5 143.38 182.3 
114 17:49.717 136.39 205.6 140.36 193.2 141.65 179.7 142.1 181.5 
114 18:00.275 131.47 198.6 134.86 185.4 136.42 172.5 136.35 174.0 
114 18:00.833 131.37 198.8 135.54 186.1 137.63 173.3 136.85 174.5 
114 18:01.392 130.99 198.5 135.13 185.8 137.53 173.2 136.82 173.9 
114 18:01.942 129.27 195.8 133.25 183.2 135.8 171.0 135.27 171.9 
114 18:02.500 127.68 193.4 131.48 181.3 134.44 169.4 133.62 169.6 
114 18:03.058 126.49 191.8 130.38 179.9 133.81 168.6 133.55 168.2 
114 18:03.608 125.4 190.1 129.24 178.6 132.75 167.6 132.33 167.0 
114 18:04.167 125.48 189.6 128.93 178.2 132.45 167.0 132.24 166.7 
114 18:04.725 126.29 187.1 129.26 176.2 133.67 163.2 133.17 161.7 
114 18:15.275 121.29 182.7 124.81 173.8 129.36 163.2 130.08 161.8 
114 18:15.817 121.04 182.4 124.3 173.7 128.58 163.2 129.33 161.8 
114 18:16.358 121.29 182.2 124.62 173.6 129.21 163.2 130.03 161.8 
114 18:16.908 121.22 182.0 124.74 173.5 129.59 163.2 130.71 161.8 
114 18:17.458 120.87 181.7 124.32 173.3 129.25 163.2 130.64 161.8 
114 18:18.000 120.94 181.5 124.31 173.2 129.34 163.2 130.92 161.8 
114 18:18.542 120.61 181.7 124.16 173.3 129.49 163.5 131.24 162.1 
114 18:19.092 122.7 185.2 126.6 176.2 131.76 166.8 133.01 165.1 
114 18:19.642 122.88 185.2 126.92 176.6 132.02 166.9 133.12 165.2 
114 18:20.183 122.94 185.2 126.86 176.4 131.63 166.5 132.61 165.0 
114 18:20.717 121.99 183.8 125.89 175.0 130.66 165.2 131.63 163.8 
/
